timestamp,__name__,endpoint,instance,job,model_name,namespace,pod,prometheus,service,value
2024-06-28 05:39:02.440999985,vllm:avg_prompt_throughput_toks_per_s,http,10.130.4.93:8000,vllm-llama,/data/transformers_cache/models--ibm-granite--granite-3b-code-instruct/snapshots/438ae81a509230148f962aaf669bdf42656a31ec,fmaas-monitoring,vllm-granite,openshift-user-workload-monitoring/user-workload,vllm-llama,18341.729729832703
2024-06-28 05:39:07.440999985,vllm:avg_prompt_throughput_toks_per_s,http,10.130.4.93:8000,vllm-llama,/data/transformers_cache/models--ibm-granite--granite-3b-code-instruct/snapshots/438ae81a509230148f962aaf669bdf42656a31ec,fmaas-monitoring,vllm-granite,openshift-user-workload-monitoring/user-workload,vllm-llama,646.2995492028174
2024-06-28 05:39:12.440999985,vllm:avg_prompt_throughput_toks_per_s,http,10.130.4.93:8000,vllm-llama,/data/transformers_cache/models--ibm-granite--granite-3b-code-instruct/snapshots/438ae81a509230148f962aaf669bdf42656a31ec,fmaas-monitoring,vllm-granite,openshift-user-workload-monitoring/user-workload,vllm-llama,19454.898271569342
2024-06-28 05:39:17.440999985,vllm:avg_prompt_throughput_toks_per_s,http,10.130.4.93:8000,vllm-llama,/data/transformers_cache/models--ibm-granite--granite-3b-code-instruct/snapshots/438ae81a509230148f962aaf669bdf42656a31ec,fmaas-monitoring,vllm-granite,openshift-user-workload-monitoring/user-workload,vllm-llama,573.5878999365617
2024-06-28 05:39:22.440999985,vllm:avg_prompt_throughput_toks_per_s,http,10.130.4.93:8000,vllm-llama,/data/transformers_cache/models--ibm-granite--granite-3b-code-instruct/snapshots/438ae81a509230148f962aaf669bdf42656a31ec,fmaas-monitoring,vllm-granite,openshift-user-workload-monitoring/user-workload,vllm-llama,19580.179742020646
2024-06-28 05:39:27.440999985,vllm:avg_prompt_throughput_toks_per_s,http,10.130.4.93:8000,vllm-llama,/data/transformers_cache/models--ibm-granite--granite-3b-code-instruct/snapshots/438ae81a509230148f962aaf669bdf42656a31ec,fmaas-monitoring,vllm-granite,openshift-user-workload-monitoring/user-workload,vllm-llama,945.4778945321641
2024-06-28 05:39:32.440999985,vllm:avg_prompt_throughput_toks_per_s,http,10.130.4.93:8000,vllm-llama,/data/transformers_cache/models--ibm-granite--granite-3b-code-instruct/snapshots/438ae81a509230148f962aaf669bdf42656a31ec,fmaas-monitoring,vllm-granite,openshift-user-workload-monitoring/user-workload,vllm-llama,945.4778945321641
2024-06-28 05:39:37.440999985,vllm:avg_prompt_throughput_toks_per_s,http,10.130.4.93:8000,vllm-llama,/data/transformers_cache/models--ibm-granite--granite-3b-code-instruct/snapshots/438ae81a509230148f962aaf669bdf42656a31ec,fmaas-monitoring,vllm-granite,openshift-user-workload-monitoring/user-workload,vllm-llama,8549.52407400207
2024-06-28 05:39:42.440999985,vllm:avg_prompt_throughput_toks_per_s,http,10.130.4.93:8000,vllm-llama,/data/transformers_cache/models--ibm-granite--granite-3b-code-instruct/snapshots/438ae81a509230148f962aaf669bdf42656a31ec,fmaas-monitoring,vllm-granite,openshift-user-workload-monitoring/user-workload,vllm-llama,8549.52407400207
2024-06-28 05:39:47.440999985,vllm:avg_prompt_throughput_toks_per_s,http,10.130.4.93:8000,vllm-llama,/data/transformers_cache/models--ibm-granite--granite-3b-code-instruct/snapshots/438ae81a509230148f962aaf669bdf42656a31ec,fmaas-monitoring,vllm-granite,openshift-user-workload-monitoring/user-workload,vllm-llama,8587.251079694048
2024-06-28 05:39:52.440999985,vllm:avg_prompt_throughput_toks_per_s,http,10.130.4.93:8000,vllm-llama,/data/transformers_cache/models--ibm-granite--granite-3b-code-instruct/snapshots/438ae81a509230148f962aaf669bdf42656a31ec,fmaas-monitoring,vllm-granite,openshift-user-workload-monitoring/user-workload,vllm-llama,8587.251079694048
2024-06-28 05:39:57.440999985,vllm:avg_prompt_throughput_toks_per_s,http,10.130.4.93:8000,vllm-llama,/data/transformers_cache/models--ibm-granite--granite-3b-code-instruct/snapshots/438ae81a509230148f962aaf669bdf42656a31ec,fmaas-monitoring,vllm-granite,openshift-user-workload-monitoring/user-workload,vllm-llama,8595.401400723225
2024-06-28 05:40:02.440999985,vllm:avg_prompt_throughput_toks_per_s,http,10.130.4.93:8000,vllm-llama,/data/transformers_cache/models--ibm-granite--granite-3b-code-instruct/snapshots/438ae81a509230148f962aaf669bdf42656a31ec,fmaas-monitoring,vllm-granite,openshift-user-workload-monitoring/user-workload,vllm-llama,17697.080425591066
2024-06-28 05:40:07.440999985,vllm:avg_prompt_throughput_toks_per_s,http,10.130.4.93:8000,vllm-llama,/data/transformers_cache/models--ibm-granite--granite-3b-code-instruct/snapshots/438ae81a509230148f962aaf669bdf42656a31ec,fmaas-monitoring,vllm-granite,openshift-user-workload-monitoring/user-workload,vllm-llama,372.32016905558106
2024-06-28 05:40:12.440999985,vllm:avg_prompt_throughput_toks_per_s,http,10.130.4.93:8000,vllm-llama,/data/transformers_cache/models--ibm-granite--granite-3b-code-instruct/snapshots/438ae81a509230148f962aaf669bdf42656a31ec,fmaas-monitoring,vllm-granite,openshift-user-workload-monitoring/user-workload,vllm-llama,372.32016905558106
2024-06-28 05:40:17.440999985,vllm:avg_prompt_throughput_toks_per_s,http,10.130.4.93:8000,vllm-llama,/data/transformers_cache/models--ibm-granite--granite-3b-code-instruct/snapshots/438ae81a509230148f962aaf669bdf42656a31ec,fmaas-monitoring,vllm-granite,openshift-user-workload-monitoring/user-workload,vllm-llama,7375.199958442475
2024-06-28 05:40:22.440999985,vllm:avg_prompt_throughput_toks_per_s,http,10.130.4.93:8000,vllm-llama,/data/transformers_cache/models--ibm-granite--granite-3b-code-instruct/snapshots/438ae81a509230148f962aaf669bdf42656a31ec,fmaas-monitoring,vllm-granite,openshift-user-workload-monitoring/user-workload,vllm-llama,18519.06457263527
2024-06-28 05:40:27.440999985,vllm:avg_prompt_throughput_toks_per_s,http,10.130.4.93:8000,vllm-llama,/data/transformers_cache/models--ibm-granite--granite-3b-code-instruct/snapshots/438ae81a509230148f962aaf669bdf42656a31ec,fmaas-monitoring,vllm-granite,openshift-user-workload-monitoring/user-workload,vllm-llama,50.62875709441268
2024-06-28 05:40:32.440999985,vllm:avg_prompt_throughput_toks_per_s,http,10.130.4.93:8000,vllm-llama,/data/transformers_cache/models--ibm-granite--granite-3b-code-instruct/snapshots/438ae81a509230148f962aaf669bdf42656a31ec,fmaas-monitoring,vllm-granite,openshift-user-workload-monitoring/user-workload,vllm-llama,19971.473920462384
2024-06-28 05:40:37.440999985,vllm:avg_prompt_throughput_toks_per_s,http,10.130.4.93:8000,vllm-llama,/data/transformers_cache/models--ibm-granite--granite-3b-code-instruct/snapshots/438ae81a509230148f962aaf669bdf42656a31ec,fmaas-monitoring,vllm-granite,openshift-user-workload-monitoring/user-workload,vllm-llama,723.7523159493691
2024-06-28 05:40:42.440999985,vllm:avg_prompt_throughput_toks_per_s,http,10.130.4.93:8000,vllm-llama,/data/transformers_cache/models--ibm-granite--granite-3b-code-instruct/snapshots/438ae81a509230148f962aaf669bdf42656a31ec,fmaas-monitoring,vllm-granite,openshift-user-workload-monitoring/user-workload,vllm-llama,723.7523159493691
2024-06-28 05:40:47.440999985,vllm:avg_prompt_throughput_toks_per_s,http,10.130.4.93:8000,vllm-llama,/data/transformers_cache/models--ibm-granite--granite-3b-code-instruct/snapshots/438ae81a509230148f962aaf669bdf42656a31ec,fmaas-monitoring,vllm-granite,openshift-user-workload-monitoring/user-workload,vllm-llama,7203.9463084671315
2024-06-28 05:40:52.440999985,vllm:avg_prompt_throughput_toks_per_s,http,10.130.4.93:8000,vllm-llama,/data/transformers_cache/models--ibm-granite--granite-3b-code-instruct/snapshots/438ae81a509230148f962aaf669bdf42656a31ec,fmaas-monitoring,vllm-granite,openshift-user-workload-monitoring/user-workload,vllm-llama,20563.481587236547
2024-06-28 05:40:57.440999985,vllm:avg_prompt_throughput_toks_per_s,http,10.130.4.93:8000,vllm-llama,/data/transformers_cache/models--ibm-granite--granite-3b-code-instruct/snapshots/438ae81a509230148f962aaf669bdf42656a31ec,fmaas-monitoring,vllm-granite,openshift-user-workload-monitoring/user-workload,vllm-llama,28.185227011904008
2024-06-28 05:41:02.440999985,vllm:avg_prompt_throughput_toks_per_s,http,10.130.4.93:8000,vllm-llama,/data/transformers_cache/models--ibm-granite--granite-3b-code-instruct/snapshots/438ae81a509230148f962aaf669bdf42656a31ec,fmaas-monitoring,vllm-granite,openshift-user-workload-monitoring/user-workload,vllm-llama,18684.25965777157
2024-06-28 05:41:07.440999985,vllm:avg_prompt_throughput_toks_per_s,http,10.130.4.93:8000,vllm-llama,/data/transformers_cache/models--ibm-granite--granite-3b-code-instruct/snapshots/438ae81a509230148f962aaf669bdf42656a31ec,fmaas-monitoring,vllm-granite,openshift-user-workload-monitoring/user-workload,vllm-llama,192.10768382927108
2024-06-28 05:41:12.440999985,vllm:avg_prompt_throughput_toks_per_s,http,10.130.4.93:8000,vllm-llama,/data/transformers_cache/models--ibm-granite--granite-3b-code-instruct/snapshots/438ae81a509230148f962aaf669bdf42656a31ec,fmaas-monitoring,vllm-granite,openshift-user-workload-monitoring/user-workload,vllm-llama,18198.227027721525
2024-06-28 05:41:17.440999985,vllm:avg_prompt_throughput_toks_per_s,http,10.130.4.93:8000,vllm-llama,/data/transformers_cache/models--ibm-granite--granite-3b-code-instruct/snapshots/438ae81a509230148f962aaf669bdf42656a31ec,fmaas-monitoring,vllm-granite,openshift-user-workload-monitoring/user-workload,vllm-llama,294.58163892465785
2024-06-28 05:41:22.440999985,vllm:avg_prompt_throughput_toks_per_s,http,10.130.4.93:8000,vllm-llama,/data/transformers_cache/models--ibm-granite--granite-3b-code-instruct/snapshots/438ae81a509230148f962aaf669bdf42656a31ec,fmaas-monitoring,vllm-granite,openshift-user-workload-monitoring/user-workload,vllm-llama,20252.97107862296
2024-06-28 05:41:27.440999985,vllm:avg_prompt_throughput_toks_per_s,http,10.130.4.93:8000,vllm-llama,/data/transformers_cache/models--ibm-granite--granite-3b-code-instruct/snapshots/438ae81a509230148f962aaf669bdf42656a31ec,fmaas-monitoring,vllm-granite,openshift-user-workload-monitoring/user-workload,vllm-llama,561.130787787161
2024-06-28 05:41:32.440999985,vllm:avg_prompt_throughput_toks_per_s,http,10.130.4.93:8000,vllm-llama,/data/transformers_cache/models--ibm-granite--granite-3b-code-instruct/snapshots/438ae81a509230148f962aaf669bdf42656a31ec,fmaas-monitoring,vllm-granite,openshift-user-workload-monitoring/user-workload,vllm-llama,20179.838716530132
2024-06-28 05:41:37.440999985,vllm:avg_prompt_throughput_toks_per_s,http,10.130.4.93:8000,vllm-llama,/data/transformers_cache/models--ibm-granite--granite-3b-code-instruct/snapshots/438ae81a509230148f962aaf669bdf42656a31ec,fmaas-monitoring,vllm-granite,openshift-user-workload-monitoring/user-workload,vllm-llama,675.2698317033442
2024-06-28 05:41:42.440999985,vllm:avg_prompt_throughput_toks_per_s,http,10.130.4.93:8000,vllm-llama,/data/transformers_cache/models--ibm-granite--granite-3b-code-instruct/snapshots/438ae81a509230148f962aaf669bdf42656a31ec,fmaas-monitoring,vllm-granite,openshift-user-workload-monitoring/user-workload,vllm-llama,675.2698317033442
2024-06-28 05:41:47.440999985,vllm:avg_prompt_throughput_toks_per_s,http,10.130.4.93:8000,vllm-llama,/data/transformers_cache/models--ibm-granite--granite-3b-code-instruct/snapshots/438ae81a509230148f962aaf669bdf42656a31ec,fmaas-monitoring,vllm-granite,openshift-user-workload-monitoring/user-workload,vllm-llama,8826.905202226711
2024-06-28 05:41:52.440999985,vllm:avg_prompt_throughput_toks_per_s,http,10.130.4.93:8000,vllm-llama,/data/transformers_cache/models--ibm-granite--granite-3b-code-instruct/snapshots/438ae81a509230148f962aaf669bdf42656a31ec,fmaas-monitoring,vllm-granite,openshift-user-workload-monitoring/user-workload,vllm-llama,23286.38660847035
2024-06-28 05:41:57.440999985,vllm:avg_prompt_throughput_toks_per_s,http,10.130.4.93:8000,vllm-llama,/data/transformers_cache/models--ibm-granite--granite-3b-code-instruct/snapshots/438ae81a509230148f962aaf669bdf42656a31ec,fmaas-monitoring,vllm-granite,openshift-user-workload-monitoring/user-workload,vllm-llama,2576.9647128578413
2024-06-28 05:42:02.440999985,vllm:avg_prompt_throughput_toks_per_s,http,10.130.4.93:8000,vllm-llama,/data/transformers_cache/models--ibm-granite--granite-3b-code-instruct/snapshots/438ae81a509230148f962aaf669bdf42656a31ec,fmaas-monitoring,vllm-granite,openshift-user-workload-monitoring/user-workload,vllm-llama,2576.9647128578413
2024-06-28 05:42:07.440999985,vllm:avg_prompt_throughput_toks_per_s,http,10.130.4.93:8000,vllm-llama,/data/transformers_cache/models--ibm-granite--granite-3b-code-instruct/snapshots/438ae81a509230148f962aaf669bdf42656a31ec,fmaas-monitoring,vllm-granite,openshift-user-workload-monitoring/user-workload,vllm-llama,6846.232980521231
2024-06-28 05:42:12.440999985,vllm:avg_prompt_throughput_toks_per_s,http,10.130.4.93:8000,vllm-llama,/data/transformers_cache/models--ibm-granite--granite-3b-code-instruct/snapshots/438ae81a509230148f962aaf669bdf42656a31ec,fmaas-monitoring,vllm-granite,openshift-user-workload-monitoring/user-workload,vllm-llama,6846.232980521231
2024-06-28 05:42:17.440999985,vllm:avg_prompt_throughput_toks_per_s,http,10.130.4.93:8000,vllm-llama,/data/transformers_cache/models--ibm-granite--granite-3b-code-instruct/snapshots/438ae81a509230148f962aaf669bdf42656a31ec,fmaas-monitoring,vllm-granite,openshift-user-workload-monitoring/user-workload,vllm-llama,8249.532087106694
2024-06-28 05:42:22.440999985,vllm:avg_prompt_throughput_toks_per_s,http,10.130.4.93:8000,vllm-llama,/data/transformers_cache/models--ibm-granite--granite-3b-code-instruct/snapshots/438ae81a509230148f962aaf669bdf42656a31ec,fmaas-monitoring,vllm-granite,openshift-user-workload-monitoring/user-workload,vllm-llama,8249.532087106694
2024-06-28 05:42:27.440999985,vllm:avg_prompt_throughput_toks_per_s,http,10.130.4.93:8000,vllm-llama,/data/transformers_cache/models--ibm-granite--granite-3b-code-instruct/snapshots/438ae81a509230148f962aaf669bdf42656a31ec,fmaas-monitoring,vllm-granite,openshift-user-workload-monitoring/user-workload,vllm-llama,8161.16172016282
2024-06-28 05:42:32.440999985,vllm:avg_prompt_throughput_toks_per_s,http,10.130.4.93:8000,vllm-llama,/data/transformers_cache/models--ibm-granite--granite-3b-code-instruct/snapshots/438ae81a509230148f962aaf669bdf42656a31ec,fmaas-monitoring,vllm-granite,openshift-user-workload-monitoring/user-workload,vllm-llama,8161.16172016282
2024-06-28 05:42:37.440999985,vllm:avg_prompt_throughput_toks_per_s,http,10.130.4.93:8000,vllm-llama,/data/transformers_cache/models--ibm-granite--granite-3b-code-instruct/snapshots/438ae81a509230148f962aaf669bdf42656a31ec,fmaas-monitoring,vllm-granite,openshift-user-workload-monitoring/user-workload,vllm-llama,8426.753203305394
2024-06-28 05:42:42.440999985,vllm:avg_prompt_throughput_toks_per_s,http,10.130.4.93:8000,vllm-llama,/data/transformers_cache/models--ibm-granite--granite-3b-code-instruct/snapshots/438ae81a509230148f962aaf669bdf42656a31ec,fmaas-monitoring,vllm-granite,openshift-user-workload-monitoring/user-workload,vllm-llama,8426.753203305394
2024-06-28 05:42:47.440999985,vllm:avg_prompt_throughput_toks_per_s,http,10.130.4.93:8000,vllm-llama,/data/transformers_cache/models--ibm-granite--granite-3b-code-instruct/snapshots/438ae81a509230148f962aaf669bdf42656a31ec,fmaas-monitoring,vllm-granite,openshift-user-workload-monitoring/user-workload,vllm-llama,8140.085851636733
2024-06-28 05:42:52.440999985,vllm:avg_prompt_throughput_toks_per_s,http,10.130.4.93:8000,vllm-llama,/data/transformers_cache/models--ibm-granite--granite-3b-code-instruct/snapshots/438ae81a509230148f962aaf669bdf42656a31ec,fmaas-monitoring,vllm-granite,openshift-user-workload-monitoring/user-workload,vllm-llama,21379.77012535698
2024-06-28 05:42:57.440999985,vllm:avg_prompt_throughput_toks_per_s,http,10.130.4.93:8000,vllm-llama,/data/transformers_cache/models--ibm-granite--granite-3b-code-instruct/snapshots/438ae81a509230148f962aaf669bdf42656a31ec,fmaas-monitoring,vllm-granite,openshift-user-workload-monitoring/user-workload,vllm-llama,386.59161616943857
2024-06-28 05:43:02.440999985,vllm:avg_prompt_throughput_toks_per_s,http,10.130.4.93:8000,vllm-llama,/data/transformers_cache/models--ibm-granite--granite-3b-code-instruct/snapshots/438ae81a509230148f962aaf669bdf42656a31ec,fmaas-monitoring,vllm-granite,openshift-user-workload-monitoring/user-workload,vllm-llama,18803.041100896848
2024-06-28 05:43:07.440999985,vllm:avg_prompt_throughput_toks_per_s,http,10.130.4.93:8000,vllm-llama,/data/transformers_cache/models--ibm-granite--granite-3b-code-instruct/snapshots/438ae81a509230148f962aaf669bdf42656a31ec,fmaas-monitoring,vllm-granite,openshift-user-workload-monitoring/user-workload,vllm-llama,621.9554766445746
2024-06-28 05:43:12.440999985,vllm:avg_prompt_throughput_toks_per_s,http,10.130.4.93:8000,vllm-llama,/data/transformers_cache/models--ibm-granite--granite-3b-code-instruct/snapshots/438ae81a509230148f962aaf669bdf42656a31ec,fmaas-monitoring,vllm-granite,openshift-user-workload-monitoring/user-workload,vllm-llama,621.9554766445746
2024-06-28 05:43:17.440999985,vllm:avg_prompt_throughput_toks_per_s,http,10.130.4.93:8000,vllm-llama,/data/transformers_cache/models--ibm-granite--granite-3b-code-instruct/snapshots/438ae81a509230148f962aaf669bdf42656a31ec,fmaas-monitoring,vllm-granite,openshift-user-workload-monitoring/user-workload,vllm-llama,8639.722093135702
2024-06-28 05:43:22.440999985,vllm:avg_prompt_throughput_toks_per_s,http,10.130.4.93:8000,vllm-llama,/data/transformers_cache/models--ibm-granite--granite-3b-code-instruct/snapshots/438ae81a509230148f962aaf669bdf42656a31ec,fmaas-monitoring,vllm-granite,openshift-user-workload-monitoring/user-workload,vllm-llama,20229.297769677938
2024-06-28 05:43:27.440999985,vllm:avg_prompt_throughput_toks_per_s,http,10.130.4.93:8000,vllm-llama,/data/transformers_cache/models--ibm-granite--granite-3b-code-instruct/snapshots/438ae81a509230148f962aaf669bdf42656a31ec,fmaas-monitoring,vllm-granite,openshift-user-workload-monitoring/user-workload,vllm-llama,322.3842641949818
2024-06-28 05:43:32.440999985,vllm:avg_prompt_throughput_toks_per_s,http,10.130.4.93:8000,vllm-llama,/data/transformers_cache/models--ibm-granite--granite-3b-code-instruct/snapshots/438ae81a509230148f962aaf669bdf42656a31ec,fmaas-monitoring,vllm-granite,openshift-user-workload-monitoring/user-workload,vllm-llama,18954.61065558791
2024-06-28 05:43:37.440999985,vllm:avg_prompt_throughput_toks_per_s,http,10.130.4.93:8000,vllm-llama,/data/transformers_cache/models--ibm-granite--granite-3b-code-instruct/snapshots/438ae81a509230148f962aaf669bdf42656a31ec,fmaas-monitoring,vllm-granite,openshift-user-workload-monitoring/user-workload,vllm-llama,443.55013228450537
2024-06-28 05:43:42.440999985,vllm:avg_prompt_throughput_toks_per_s,http,10.130.4.93:8000,vllm-llama,/data/transformers_cache/models--ibm-granite--granite-3b-code-instruct/snapshots/438ae81a509230148f962aaf669bdf42656a31ec,fmaas-monitoring,vllm-granite,openshift-user-workload-monitoring/user-workload,vllm-llama,19200.010814985155
2024-06-28 05:43:47.440999985,vllm:avg_prompt_throughput_toks_per_s,http,10.130.4.93:8000,vllm-llama,/data/transformers_cache/models--ibm-granite--granite-3b-code-instruct/snapshots/438ae81a509230148f962aaf669bdf42656a31ec,fmaas-monitoring,vllm-granite,openshift-user-workload-monitoring/user-workload,vllm-llama,628.9928872107806
2024-06-28 05:43:52.440999985,vllm:avg_prompt_throughput_toks_per_s,http,10.130.4.93:8000,vllm-llama,/data/transformers_cache/models--ibm-granite--granite-3b-code-instruct/snapshots/438ae81a509230148f962aaf669bdf42656a31ec,fmaas-monitoring,vllm-granite,openshift-user-workload-monitoring/user-workload,vllm-llama,18660.673098817802
2024-06-28 05:43:57.440999985,vllm:avg_prompt_throughput_toks_per_s,http,10.130.4.93:8000,vllm-llama,/data/transformers_cache/models--ibm-granite--granite-3b-code-instruct/snapshots/438ae81a509230148f962aaf669bdf42656a31ec,fmaas-monitoring,vllm-granite,openshift-user-workload-monitoring/user-workload,vllm-llama,1071.2916161923563
2024-06-28 05:44:02.440999985,vllm:avg_prompt_throughput_toks_per_s,http,10.130.4.93:8000,vllm-llama,/data/transformers_cache/models--ibm-granite--granite-3b-code-instruct/snapshots/438ae81a509230148f962aaf669bdf42656a31ec,fmaas-monitoring,vllm-granite,openshift-user-workload-monitoring/user-workload,vllm-llama,17216.993733014806
2024-06-28 05:44:07.453000069,vllm:avg_prompt_throughput_toks_per_s,http,10.130.4.93:8000,vllm-llama,/data/transformers_cache/models--ibm-granite--granite-3b-code-instruct/snapshots/438ae81a509230148f962aaf669bdf42656a31ec,fmaas-monitoring,vllm-granite,openshift-user-workload-monitoring/user-workload,vllm-llama,1783.8792981270774
2024-06-28 05:44:12.440999985,vllm:avg_prompt_throughput_toks_per_s,http,10.130.4.93:8000,vllm-llama,/data/transformers_cache/models--ibm-granite--granite-3b-code-instruct/snapshots/438ae81a509230148f962aaf669bdf42656a31ec,fmaas-monitoring,vllm-granite,openshift-user-workload-monitoring/user-workload,vllm-llama,19057.440515444585
2024-06-28 05:44:17.440999985,vllm:avg_prompt_throughput_toks_per_s,http,10.130.4.93:8000,vllm-llama,/data/transformers_cache/models--ibm-granite--granite-3b-code-instruct/snapshots/438ae81a509230148f962aaf669bdf42656a31ec,fmaas-monitoring,vllm-granite,openshift-user-workload-monitoring/user-workload,vllm-llama,1711.1539559083512
2024-06-28 05:44:22.440999985,vllm:avg_prompt_throughput_toks_per_s,http,10.130.4.93:8000,vllm-llama,/data/transformers_cache/models--ibm-granite--granite-3b-code-instruct/snapshots/438ae81a509230148f962aaf669bdf42656a31ec,fmaas-monitoring,vllm-granite,openshift-user-workload-monitoring/user-workload,vllm-llama,1711.1539559083512
2024-06-28 05:44:27.440999985,vllm:avg_prompt_throughput_toks_per_s,http,10.130.4.93:8000,vllm-llama,/data/transformers_cache/models--ibm-granite--granite-3b-code-instruct/snapshots/438ae81a509230148f962aaf669bdf42656a31ec,fmaas-monitoring,vllm-granite,openshift-user-workload-monitoring/user-workload,vllm-llama,8548.65339770073
2024-06-28 05:44:32.440999985,vllm:avg_prompt_throughput_toks_per_s,http,10.130.4.93:8000,vllm-llama,/data/transformers_cache/models--ibm-granite--granite-3b-code-instruct/snapshots/438ae81a509230148f962aaf669bdf42656a31ec,fmaas-monitoring,vllm-granite,openshift-user-workload-monitoring/user-workload,vllm-llama,19172.614367104696
2024-06-28 05:44:37.440999985,vllm:avg_prompt_throughput_toks_per_s,http,10.130.4.93:8000,vllm-llama,/data/transformers_cache/models--ibm-granite--granite-3b-code-instruct/snapshots/438ae81a509230148f962aaf669bdf42656a31ec,fmaas-monitoring,vllm-granite,openshift-user-workload-monitoring/user-workload,vllm-llama,325.7877078815134
2024-06-28 05:44:42.440999985,vllm:avg_prompt_throughput_toks_per_s,http,10.130.4.93:8000,vllm-llama,/data/transformers_cache/models--ibm-granite--granite-3b-code-instruct/snapshots/438ae81a509230148f962aaf669bdf42656a31ec,fmaas-monitoring,vllm-granite,openshift-user-workload-monitoring/user-workload,vllm-llama,18850.455939856856
2024-06-28 05:44:47.440999985,vllm:avg_prompt_throughput_toks_per_s,http,10.130.4.93:8000,vllm-llama,/data/transformers_cache/models--ibm-granite--granite-3b-code-instruct/snapshots/438ae81a509230148f962aaf669bdf42656a31ec,fmaas-monitoring,vllm-granite,openshift-user-workload-monitoring/user-workload,vllm-llama,764.7264757250041
2024-06-28 05:44:52.440999985,vllm:avg_prompt_throughput_toks_per_s,http,10.130.4.93:8000,vllm-llama,/data/transformers_cache/models--ibm-granite--granite-3b-code-instruct/snapshots/438ae81a509230148f962aaf669bdf42656a31ec,fmaas-monitoring,vllm-granite,openshift-user-workload-monitoring/user-workload,vllm-llama,764.7264757250041
2024-06-28 05:44:57.440999985,vllm:avg_prompt_throughput_toks_per_s,http,10.130.4.93:8000,vllm-llama,/data/transformers_cache/models--ibm-granite--granite-3b-code-instruct/snapshots/438ae81a509230148f962aaf669bdf42656a31ec,fmaas-monitoring,vllm-granite,openshift-user-workload-monitoring/user-workload,vllm-llama,8776.039305583357
2024-06-28 05:45:02.440999985,vllm:avg_prompt_throughput_toks_per_s,http,10.130.4.93:8000,vllm-llama,/data/transformers_cache/models--ibm-granite--granite-3b-code-instruct/snapshots/438ae81a509230148f962aaf669bdf42656a31ec,fmaas-monitoring,vllm-granite,openshift-user-workload-monitoring/user-workload,vllm-llama,20656.32461493485
2024-06-28 05:45:07.440999985,vllm:avg_prompt_throughput_toks_per_s,http,10.130.4.93:8000,vllm-llama,/data/transformers_cache/models--ibm-granite--granite-3b-code-instruct/snapshots/438ae81a509230148f962aaf669bdf42656a31ec,fmaas-monitoring,vllm-granite,openshift-user-workload-monitoring/user-workload,vllm-llama,453.3125767951562
2024-06-28 05:45:12.440999985,vllm:avg_prompt_throughput_toks_per_s,http,10.130.4.93:8000,vllm-llama,/data/transformers_cache/models--ibm-granite--granite-3b-code-instruct/snapshots/438ae81a509230148f962aaf669bdf42656a31ec,fmaas-monitoring,vllm-granite,openshift-user-workload-monitoring/user-workload,vllm-llama,19802.3607640787
2024-06-28 05:45:17.440999985,vllm:avg_prompt_throughput_toks_per_s,http,10.130.4.93:8000,vllm-llama,/data/transformers_cache/models--ibm-granite--granite-3b-code-instruct/snapshots/438ae81a509230148f962aaf669bdf42656a31ec,fmaas-monitoring,vllm-granite,openshift-user-workload-monitoring/user-workload,vllm-llama,549.7079292318485
2024-06-28 05:45:22.440999985,vllm:avg_prompt_throughput_toks_per_s,http,10.130.4.93:8000,vllm-llama,/data/transformers_cache/models--ibm-granite--granite-3b-code-instruct/snapshots/438ae81a509230148f962aaf669bdf42656a31ec,fmaas-monitoring,vllm-granite,openshift-user-workload-monitoring/user-workload,vllm-llama,549.7079292318485
2024-06-28 05:45:27.440999985,vllm:avg_prompt_throughput_toks_per_s,http,10.130.4.93:8000,vllm-llama,/data/transformers_cache/models--ibm-granite--granite-3b-code-instruct/snapshots/438ae81a509230148f962aaf669bdf42656a31ec,fmaas-monitoring,vllm-granite,openshift-user-workload-monitoring/user-workload,vllm-llama,8670.792856851343
2024-06-28 05:45:32.440999985,vllm:avg_prompt_throughput_toks_per_s,http,10.130.4.93:8000,vllm-llama,/data/transformers_cache/models--ibm-granite--granite-3b-code-instruct/snapshots/438ae81a509230148f962aaf669bdf42656a31ec,fmaas-monitoring,vllm-granite,openshift-user-workload-monitoring/user-workload,vllm-llama,8670.792856851343
2024-06-28 05:45:37.440999985,vllm:avg_prompt_throughput_toks_per_s,http,10.130.4.93:8000,vllm-llama,/data/transformers_cache/models--ibm-granite--granite-3b-code-instruct/snapshots/438ae81a509230148f962aaf669bdf42656a31ec,fmaas-monitoring,vllm-granite,openshift-user-workload-monitoring/user-workload,vllm-llama,8509.064815328693
2024-06-28 05:45:42.440999985,vllm:avg_prompt_throughput_toks_per_s,http,10.130.4.93:8000,vllm-llama,/data/transformers_cache/models--ibm-granite--granite-3b-code-instruct/snapshots/438ae81a509230148f962aaf669bdf42656a31ec,fmaas-monitoring,vllm-granite,openshift-user-workload-monitoring/user-workload,vllm-llama,8509.064815328693
2024-06-28 05:45:47.440999985,vllm:avg_prompt_throughput_toks_per_s,http,10.130.4.93:8000,vllm-llama,/data/transformers_cache/models--ibm-granite--granite-3b-code-instruct/snapshots/438ae81a509230148f962aaf669bdf42656a31ec,fmaas-monitoring,vllm-granite,openshift-user-workload-monitoring/user-workload,vllm-llama,8149.80411022864
2024-06-28 05:45:52.440999985,vllm:avg_prompt_throughput_toks_per_s,http,10.130.4.93:8000,vllm-llama,/data/transformers_cache/models--ibm-granite--granite-3b-code-instruct/snapshots/438ae81a509230148f962aaf669bdf42656a31ec,fmaas-monitoring,vllm-granite,openshift-user-workload-monitoring/user-workload,vllm-llama,18965.034701824872
2024-06-28 05:45:57.440999985,vllm:avg_prompt_throughput_toks_per_s,http,10.130.4.93:8000,vllm-llama,/data/transformers_cache/models--ibm-granite--granite-3b-code-instruct/snapshots/438ae81a509230148f962aaf669bdf42656a31ec,fmaas-monitoring,vllm-granite,openshift-user-workload-monitoring/user-workload,vllm-llama,276.5420285068406
2024-06-28 05:46:02.440999985,vllm:avg_prompt_throughput_toks_per_s,http,10.130.4.93:8000,vllm-llama,/data/transformers_cache/models--ibm-granite--granite-3b-code-instruct/snapshots/438ae81a509230148f962aaf669bdf42656a31ec,fmaas-monitoring,vllm-granite,openshift-user-workload-monitoring/user-workload,vllm-llama,18523.024424761647
2024-06-28 05:46:07.440999985,vllm:avg_prompt_throughput_toks_per_s,http,10.130.4.93:8000,vllm-llama,/data/transformers_cache/models--ibm-granite--granite-3b-code-instruct/snapshots/438ae81a509230148f962aaf669bdf42656a31ec,fmaas-monitoring,vllm-granite,openshift-user-workload-monitoring/user-workload,vllm-llama,490.8617138090101
2024-06-28 05:46:12.440999985,vllm:avg_prompt_throughput_toks_per_s,http,10.130.4.93:8000,vllm-llama,/data/transformers_cache/models--ibm-granite--granite-3b-code-instruct/snapshots/438ae81a509230148f962aaf669bdf42656a31ec,fmaas-monitoring,vllm-granite,openshift-user-workload-monitoring/user-workload,vllm-llama,19087.678091860304
2024-06-28 05:46:17.440999985,vllm:avg_prompt_throughput_toks_per_s,http,10.130.4.93:8000,vllm-llama,/data/transformers_cache/models--ibm-granite--granite-3b-code-instruct/snapshots/438ae81a509230148f962aaf669bdf42656a31ec,fmaas-monitoring,vllm-granite,openshift-user-workload-monitoring/user-workload,vllm-llama,640.1707507381844
2024-06-28 05:46:22.440999985,vllm:avg_prompt_throughput_toks_per_s,http,10.130.4.93:8000,vllm-llama,/data/transformers_cache/models--ibm-granite--granite-3b-code-instruct/snapshots/438ae81a509230148f962aaf669bdf42656a31ec,fmaas-monitoring,vllm-granite,openshift-user-workload-monitoring/user-workload,vllm-llama,640.1707507381844
2024-06-28 05:46:27.440999985,vllm:avg_prompt_throughput_toks_per_s,http,10.130.4.93:8000,vllm-llama,/data/transformers_cache/models--ibm-granite--granite-3b-code-instruct/snapshots/438ae81a509230148f962aaf669bdf42656a31ec,fmaas-monitoring,vllm-granite,openshift-user-workload-monitoring/user-workload,vllm-llama,7361.83103828839
2024-06-28 05:46:32.440999985,vllm:avg_prompt_throughput_toks_per_s,http,10.130.4.93:8000,vllm-llama,/data/transformers_cache/models--ibm-granite--granite-3b-code-instruct/snapshots/438ae81a509230148f962aaf669bdf42656a31ec,fmaas-monitoring,vllm-granite,openshift-user-workload-monitoring/user-workload,vllm-llama,17805.207377041545
2024-06-28 05:46:37.440999985,vllm:avg_prompt_throughput_toks_per_s,http,10.130.4.93:8000,vllm-llama,/data/transformers_cache/models--ibm-granite--granite-3b-code-instruct/snapshots/438ae81a509230148f962aaf669bdf42656a31ec,fmaas-monitoring,vllm-granite,openshift-user-workload-monitoring/user-workload,vllm-llama,721.2339186385769
2024-06-28 05:46:42.440999985,vllm:avg_prompt_throughput_toks_per_s,http,10.130.4.93:8000,vllm-llama,/data/transformers_cache/models--ibm-granite--granite-3b-code-instruct/snapshots/438ae81a509230148f962aaf669bdf42656a31ec,fmaas-monitoring,vllm-granite,openshift-user-workload-monitoring/user-workload,vllm-llama,18587.722311433296
2024-06-28 05:46:47.440999985,vllm:avg_prompt_throughput_toks_per_s,http,10.130.4.93:8000,vllm-llama,/data/transformers_cache/models--ibm-granite--granite-3b-code-instruct/snapshots/438ae81a509230148f962aaf669bdf42656a31ec,fmaas-monitoring,vllm-granite,openshift-user-workload-monitoring/user-workload,vllm-llama,473.3360354268837
2024-06-28 05:46:52.440999985,vllm:avg_prompt_throughput_toks_per_s,http,10.130.4.93:8000,vllm-llama,/data/transformers_cache/models--ibm-granite--granite-3b-code-instruct/snapshots/438ae81a509230148f962aaf669bdf42656a31ec,fmaas-monitoring,vllm-granite,openshift-user-workload-monitoring/user-workload,vllm-llama,18828.189700130813
2024-06-28 05:46:57.440999985,vllm:avg_prompt_throughput_toks_per_s,http,10.130.4.93:8000,vllm-llama,/data/transformers_cache/models--ibm-granite--granite-3b-code-instruct/snapshots/438ae81a509230148f962aaf669bdf42656a31ec,fmaas-monitoring,vllm-granite,openshift-user-workload-monitoring/user-workload,vllm-llama,806.48745864049
2024-06-28 05:47:02.440999985,vllm:avg_prompt_throughput_toks_per_s,http,10.130.4.93:8000,vllm-llama,/data/transformers_cache/models--ibm-granite--granite-3b-code-instruct/snapshots/438ae81a509230148f962aaf669bdf42656a31ec,fmaas-monitoring,vllm-granite,openshift-user-workload-monitoring/user-workload,vllm-llama,806.48745864049
2024-06-28 05:47:07.440999985,vllm:avg_prompt_throughput_toks_per_s,http,10.130.4.93:8000,vllm-llama,/data/transformers_cache/models--ibm-granite--granite-3b-code-instruct/snapshots/438ae81a509230148f962aaf669bdf42656a31ec,fmaas-monitoring,vllm-granite,openshift-user-workload-monitoring/user-workload,vllm-llama,8406.3433266153
2024-06-28 05:47:12.440999985,vllm:avg_prompt_throughput_toks_per_s,http,10.130.4.93:8000,vllm-llama,/data/transformers_cache/models--ibm-granite--granite-3b-code-instruct/snapshots/438ae81a509230148f962aaf669bdf42656a31ec,fmaas-monitoring,vllm-granite,openshift-user-workload-monitoring/user-workload,vllm-llama,8406.3433266153
2024-06-28 05:47:17.440999985,vllm:avg_prompt_throughput_toks_per_s,http,10.130.4.93:8000,vllm-llama,/data/transformers_cache/models--ibm-granite--granite-3b-code-instruct/snapshots/438ae81a509230148f962aaf669bdf42656a31ec,fmaas-monitoring,vllm-granite,openshift-user-workload-monitoring/user-workload,vllm-llama,8020.497607089147
2024-06-28 05:47:22.440999985,vllm:avg_prompt_throughput_toks_per_s,http,10.130.4.93:8000,vllm-llama,/data/transformers_cache/models--ibm-granite--granite-3b-code-instruct/snapshots/438ae81a509230148f962aaf669bdf42656a31ec,fmaas-monitoring,vllm-granite,openshift-user-workload-monitoring/user-workload,vllm-llama,17550.517947763088
2024-06-28 05:47:27.440999985,vllm:avg_prompt_throughput_toks_per_s,http,10.130.4.93:8000,vllm-llama,/data/transformers_cache/models--ibm-granite--granite-3b-code-instruct/snapshots/438ae81a509230148f962aaf669bdf42656a31ec,fmaas-monitoring,vllm-granite,openshift-user-workload-monitoring/user-workload,vllm-llama,411.03095572934893
2024-06-28 05:47:32.440999985,vllm:avg_prompt_throughput_toks_per_s,http,10.130.4.93:8000,vllm-llama,/data/transformers_cache/models--ibm-granite--granite-3b-code-instruct/snapshots/438ae81a509230148f962aaf669bdf42656a31ec,fmaas-monitoring,vllm-granite,openshift-user-workload-monitoring/user-workload,vllm-llama,411.03095572934893
2024-06-28 05:47:37.440999985,vllm:avg_prompt_throughput_toks_per_s,http,10.130.4.93:8000,vllm-llama,/data/transformers_cache/models--ibm-granite--granite-3b-code-instruct/snapshots/438ae81a509230148f962aaf669bdf42656a31ec,fmaas-monitoring,vllm-granite,openshift-user-workload-monitoring/user-workload,vllm-llama,8674.256818065649
2024-06-28 05:47:42.440999985,vllm:avg_prompt_throughput_toks_per_s,http,10.130.4.93:8000,vllm-llama,/data/transformers_cache/models--ibm-granite--granite-3b-code-instruct/snapshots/438ae81a509230148f962aaf669bdf42656a31ec,fmaas-monitoring,vllm-granite,openshift-user-workload-monitoring/user-workload,vllm-llama,8674.256818065649
2024-06-28 05:47:47.440999985,vllm:avg_prompt_throughput_toks_per_s,http,10.130.4.93:8000,vllm-llama,/data/transformers_cache/models--ibm-granite--granite-3b-code-instruct/snapshots/438ae81a509230148f962aaf669bdf42656a31ec,fmaas-monitoring,vllm-granite,openshift-user-workload-monitoring/user-workload,vllm-llama,8677.171872149696
2024-06-28 05:47:52.440999985,vllm:avg_prompt_throughput_toks_per_s,http,10.130.4.93:8000,vllm-llama,/data/transformers_cache/models--ibm-granite--granite-3b-code-instruct/snapshots/438ae81a509230148f962aaf669bdf42656a31ec,fmaas-monitoring,vllm-granite,openshift-user-workload-monitoring/user-workload,vllm-llama,19449.29553678293
2024-06-28 05:47:57.440999985,vllm:avg_prompt_throughput_toks_per_s,http,10.130.4.93:8000,vllm-llama,/data/transformers_cache/models--ibm-granite--granite-3b-code-instruct/snapshots/438ae81a509230148f962aaf669bdf42656a31ec,fmaas-monitoring,vllm-granite,openshift-user-workload-monitoring/user-workload,vllm-llama,388.618873037508
2024-06-28 05:48:02.440999985,vllm:avg_prompt_throughput_toks_per_s,http,10.130.4.93:8000,vllm-llama,/data/transformers_cache/models--ibm-granite--granite-3b-code-instruct/snapshots/438ae81a509230148f962aaf669bdf42656a31ec,fmaas-monitoring,vllm-granite,openshift-user-workload-monitoring/user-workload,vllm-llama,388.618873037508
2024-06-28 05:48:07.440999985,vllm:avg_prompt_throughput_toks_per_s,http,10.130.4.93:8000,vllm-llama,/data/transformers_cache/models--ibm-granite--granite-3b-code-instruct/snapshots/438ae81a509230148f962aaf669bdf42656a31ec,fmaas-monitoring,vllm-granite,openshift-user-workload-monitoring/user-workload,vllm-llama,8376.126098954806
2024-06-28 05:48:12.440999985,vllm:avg_prompt_throughput_toks_per_s,http,10.130.4.93:8000,vllm-llama,/data/transformers_cache/models--ibm-granite--granite-3b-code-instruct/snapshots/438ae81a509230148f962aaf669bdf42656a31ec,fmaas-monitoring,vllm-granite,openshift-user-workload-monitoring/user-workload,vllm-llama,8376.126098954806
2024-06-28 05:48:17.440999985,vllm:avg_prompt_throughput_toks_per_s,http,10.130.4.93:8000,vllm-llama,/data/transformers_cache/models--ibm-granite--granite-3b-code-instruct/snapshots/438ae81a509230148f962aaf669bdf42656a31ec,fmaas-monitoring,vllm-granite,openshift-user-workload-monitoring/user-workload,vllm-llama,8182.350774949991
2024-06-28 05:48:22.440999985,vllm:avg_prompt_throughput_toks_per_s,http,10.130.4.93:8000,vllm-llama,/data/transformers_cache/models--ibm-granite--granite-3b-code-instruct/snapshots/438ae81a509230148f962aaf669bdf42656a31ec,fmaas-monitoring,vllm-granite,openshift-user-workload-monitoring/user-workload,vllm-llama,8182.350774949991
2024-06-28 05:48:27.440999985,vllm:avg_prompt_throughput_toks_per_s,http,10.130.4.93:8000,vllm-llama,/data/transformers_cache/models--ibm-granite--granite-3b-code-instruct/snapshots/438ae81a509230148f962aaf669bdf42656a31ec,fmaas-monitoring,vllm-granite,openshift-user-workload-monitoring/user-workload,vllm-llama,8465.967057289128
2024-06-28 05:48:32.440999985,vllm:avg_prompt_throughput_toks_per_s,http,10.130.4.93:8000,vllm-llama,/data/transformers_cache/models--ibm-granite--granite-3b-code-instruct/snapshots/438ae81a509230148f962aaf669bdf42656a31ec,fmaas-monitoring,vllm-granite,openshift-user-workload-monitoring/user-workload,vllm-llama,17372.92026123152
2024-06-28 05:48:37.440999985,vllm:avg_prompt_throughput_toks_per_s,http,10.130.4.93:8000,vllm-llama,/data/transformers_cache/models--ibm-granite--granite-3b-code-instruct/snapshots/438ae81a509230148f962aaf669bdf42656a31ec,fmaas-monitoring,vllm-granite,openshift-user-workload-monitoring/user-workload,vllm-llama,534.7423556910702
2024-06-28 05:48:42.440999985,vllm:avg_prompt_throughput_toks_per_s,http,10.130.4.93:8000,vllm-llama,/data/transformers_cache/models--ibm-granite--granite-3b-code-instruct/snapshots/438ae81a509230148f962aaf669bdf42656a31ec,fmaas-monitoring,vllm-granite,openshift-user-workload-monitoring/user-workload,vllm-llama,18542.76839902907
2024-06-28 05:48:47.440999985,vllm:avg_prompt_throughput_toks_per_s,http,10.130.4.93:8000,vllm-llama,/data/transformers_cache/models--ibm-granite--granite-3b-code-instruct/snapshots/438ae81a509230148f962aaf669bdf42656a31ec,fmaas-monitoring,vllm-granite,openshift-user-workload-monitoring/user-workload,vllm-llama,726.4381526902638
2024-06-28 05:48:52.440999985,vllm:avg_prompt_throughput_toks_per_s,http,10.130.4.93:8000,vllm-llama,/data/transformers_cache/models--ibm-granite--granite-3b-code-instruct/snapshots/438ae81a509230148f962aaf669bdf42656a31ec,fmaas-monitoring,vllm-granite,openshift-user-workload-monitoring/user-workload,vllm-llama,726.4381526902638
2024-06-28 05:48:57.440999985,vllm:avg_prompt_throughput_toks_per_s,http,10.130.4.93:8000,vllm-llama,/data/transformers_cache/models--ibm-granite--granite-3b-code-instruct/snapshots/438ae81a509230148f962aaf669bdf42656a31ec,fmaas-monitoring,vllm-granite,openshift-user-workload-monitoring/user-workload,vllm-llama,8029.468150060853
2024-06-28 05:49:02.440999985,vllm:avg_prompt_throughput_toks_per_s,http,10.130.4.93:8000,vllm-llama,/data/transformers_cache/models--ibm-granite--granite-3b-code-instruct/snapshots/438ae81a509230148f962aaf669bdf42656a31ec,fmaas-monitoring,vllm-granite,openshift-user-workload-monitoring/user-workload,vllm-llama,8029.468150060853
2024-06-28 05:49:07.440999985,vllm:avg_prompt_throughput_toks_per_s,http,10.130.4.93:8000,vllm-llama,/data/transformers_cache/models--ibm-granite--granite-3b-code-instruct/snapshots/438ae81a509230148f962aaf669bdf42656a31ec,fmaas-monitoring,vllm-granite,openshift-user-workload-monitoring/user-workload,vllm-llama,7091.297131087969
2024-06-28 05:49:12.440999985,vllm:avg_prompt_throughput_toks_per_s,http,10.130.4.93:8000,vllm-llama,/data/transformers_cache/models--ibm-granite--granite-3b-code-instruct/snapshots/438ae81a509230148f962aaf669bdf42656a31ec,fmaas-monitoring,vllm-granite,openshift-user-workload-monitoring/user-workload,vllm-llama,18586.302140387736
2024-06-28 05:49:17.440999985,vllm:avg_prompt_throughput_toks_per_s,http,10.130.4.93:8000,vllm-llama,/data/transformers_cache/models--ibm-granite--granite-3b-code-instruct/snapshots/438ae81a509230148f962aaf669bdf42656a31ec,fmaas-monitoring,vllm-granite,openshift-user-workload-monitoring/user-workload,vllm-llama,416.81150336310077
2024-06-28 05:49:22.440999985,vllm:avg_prompt_throughput_toks_per_s,http,10.130.4.93:8000,vllm-llama,/data/transformers_cache/models--ibm-granite--granite-3b-code-instruct/snapshots/438ae81a509230148f962aaf669bdf42656a31ec,fmaas-monitoring,vllm-granite,openshift-user-workload-monitoring/user-workload,vllm-llama,416.81150336310077
2024-06-28 05:49:27.440999985,vllm:avg_prompt_throughput_toks_per_s,http,10.130.4.93:8000,vllm-llama,/data/transformers_cache/models--ibm-granite--granite-3b-code-instruct/snapshots/438ae81a509230148f962aaf669bdf42656a31ec,fmaas-monitoring,vllm-granite,openshift-user-workload-monitoring/user-workload,vllm-llama,8676.556577540128
2024-06-28 05:49:32.440999985,vllm:avg_prompt_throughput_toks_per_s,http,10.130.4.93:8000,vllm-llama,/data/transformers_cache/models--ibm-granite--granite-3b-code-instruct/snapshots/438ae81a509230148f962aaf669bdf42656a31ec,fmaas-monitoring,vllm-granite,openshift-user-workload-monitoring/user-workload,vllm-llama,20184.566345020437
2024-06-28 05:49:37.440999985,vllm:avg_prompt_throughput_toks_per_s,http,10.130.4.93:8000,vllm-llama,/data/transformers_cache/models--ibm-granite--granite-3b-code-instruct/snapshots/438ae81a509230148f962aaf669bdf42656a31ec,fmaas-monitoring,vllm-granite,openshift-user-workload-monitoring/user-workload,vllm-llama,568.2040881099555
2024-06-28 05:49:42.440999985,vllm:avg_prompt_throughput_toks_per_s,http,10.130.4.93:8000,vllm-llama,/data/transformers_cache/models--ibm-granite--granite-3b-code-instruct/snapshots/438ae81a509230148f962aaf669bdf42656a31ec,fmaas-monitoring,vllm-granite,openshift-user-workload-monitoring/user-workload,vllm-llama,19180.99320016301
2024-06-28 05:49:47.446000099,vllm:avg_prompt_throughput_toks_per_s,http,10.130.4.93:8000,vllm-llama,/data/transformers_cache/models--ibm-granite--granite-3b-code-instruct/snapshots/438ae81a509230148f962aaf669bdf42656a31ec,fmaas-monitoring,vllm-granite,openshift-user-workload-monitoring/user-workload,vllm-llama,826.1214888667472
2024-06-28 05:49:52.440999985,vllm:avg_prompt_throughput_toks_per_s,http,10.130.4.93:8000,vllm-llama,/data/transformers_cache/models--ibm-granite--granite-3b-code-instruct/snapshots/438ae81a509230148f962aaf669bdf42656a31ec,fmaas-monitoring,vllm-granite,openshift-user-workload-monitoring/user-workload,vllm-llama,826.1214888667472
2024-06-28 05:49:57.440999985,vllm:avg_prompt_throughput_toks_per_s,http,10.130.4.93:8000,vllm-llama,/data/transformers_cache/models--ibm-granite--granite-3b-code-instruct/snapshots/438ae81a509230148f962aaf669bdf42656a31ec,fmaas-monitoring,vllm-granite,openshift-user-workload-monitoring/user-workload,vllm-llama,8045.363663576846
2024-06-28 05:50:02.440999985,vllm:avg_prompt_throughput_toks_per_s,http,10.130.4.93:8000,vllm-llama,/data/transformers_cache/models--ibm-granite--granite-3b-code-instruct/snapshots/438ae81a509230148f962aaf669bdf42656a31ec,fmaas-monitoring,vllm-granite,openshift-user-workload-monitoring/user-workload,vllm-llama,18946.65948653018
2024-06-28 05:50:07.440999985,vllm:avg_prompt_throughput_toks_per_s,http,10.130.4.93:8000,vllm-llama,/data/transformers_cache/models--ibm-granite--granite-3b-code-instruct/snapshots/438ae81a509230148f962aaf669bdf42656a31ec,fmaas-monitoring,vllm-granite,openshift-user-workload-monitoring/user-workload,vllm-llama,320.0484232855019
2024-06-28 05:50:12.440999985,vllm:avg_prompt_throughput_toks_per_s,http,10.130.4.93:8000,vllm-llama,/data/transformers_cache/models--ibm-granite--granite-3b-code-instruct/snapshots/438ae81a509230148f962aaf669bdf42656a31ec,fmaas-monitoring,vllm-granite,openshift-user-workload-monitoring/user-workload,vllm-llama,18017.048536580198
2024-06-28 05:50:17.440999985,vllm:avg_prompt_throughput_toks_per_s,http,10.130.4.93:8000,vllm-llama,/data/transformers_cache/models--ibm-granite--granite-3b-code-instruct/snapshots/438ae81a509230148f962aaf669bdf42656a31ec,fmaas-monitoring,vllm-granite,openshift-user-workload-monitoring/user-workload,vllm-llama,597.4085577744717
2024-06-28 05:50:22.440999985,vllm:avg_prompt_throughput_toks_per_s,http,10.130.4.93:8000,vllm-llama,/data/transformers_cache/models--ibm-granite--granite-3b-code-instruct/snapshots/438ae81a509230148f962aaf669bdf42656a31ec,fmaas-monitoring,vllm-granite,openshift-user-workload-monitoring/user-workload,vllm-llama,19103.295716803146
2024-06-28 05:50:27.440999985,vllm:avg_prompt_throughput_toks_per_s,http,10.130.4.93:8000,vllm-llama,/data/transformers_cache/models--ibm-granite--granite-3b-code-instruct/snapshots/438ae81a509230148f962aaf669bdf42656a31ec,fmaas-monitoring,vllm-granite,openshift-user-workload-monitoring/user-workload,vllm-llama,647.3821850022103
2024-06-28 05:50:32.440999985,vllm:avg_prompt_throughput_toks_per_s,http,10.130.4.93:8000,vllm-llama,/data/transformers_cache/models--ibm-granite--granite-3b-code-instruct/snapshots/438ae81a509230148f962aaf669bdf42656a31ec,fmaas-monitoring,vllm-granite,openshift-user-workload-monitoring/user-workload,vllm-llama,647.3821850022103
2024-06-28 05:50:37.440999985,vllm:avg_prompt_throughput_toks_per_s,http,10.130.4.93:8000,vllm-llama,/data/transformers_cache/models--ibm-granite--granite-3b-code-instruct/snapshots/438ae81a509230148f962aaf669bdf42656a31ec,fmaas-monitoring,vllm-granite,openshift-user-workload-monitoring/user-workload,vllm-llama,8851.124115002778
2024-06-28 05:50:42.440999985,vllm:avg_prompt_throughput_toks_per_s,http,10.130.4.93:8000,vllm-llama,/data/transformers_cache/models--ibm-granite--granite-3b-code-instruct/snapshots/438ae81a509230148f962aaf669bdf42656a31ec,fmaas-monitoring,vllm-granite,openshift-user-workload-monitoring/user-workload,vllm-llama,20485.06273382694
2024-06-28 05:50:47.440999985,vllm:avg_prompt_throughput_toks_per_s,http,10.130.4.93:8000,vllm-llama,/data/transformers_cache/models--ibm-granite--granite-3b-code-instruct/snapshots/438ae81a509230148f962aaf669bdf42656a31ec,fmaas-monitoring,vllm-granite,openshift-user-workload-monitoring/user-workload,vllm-llama,352.0226469449584
2024-06-28 05:50:52.440999985,vllm:avg_prompt_throughput_toks_per_s,http,10.130.4.93:8000,vllm-llama,/data/transformers_cache/models--ibm-granite--granite-3b-code-instruct/snapshots/438ae81a509230148f962aaf669bdf42656a31ec,fmaas-monitoring,vllm-granite,openshift-user-workload-monitoring/user-workload,vllm-llama,18581.092986953394
2024-06-28 05:50:57.440999985,vllm:avg_prompt_throughput_toks_per_s,http,10.130.4.93:8000,vllm-llama,/data/transformers_cache/models--ibm-granite--granite-3b-code-instruct/snapshots/438ae81a509230148f962aaf669bdf42656a31ec,fmaas-monitoring,vllm-granite,openshift-user-workload-monitoring/user-workload,vllm-llama,710.7343374004232
2024-06-28 05:51:02.440999985,vllm:avg_prompt_throughput_toks_per_s,http,10.130.4.93:8000,vllm-llama,/data/transformers_cache/models--ibm-granite--granite-3b-code-instruct/snapshots/438ae81a509230148f962aaf669bdf42656a31ec,fmaas-monitoring,vllm-granite,openshift-user-workload-monitoring/user-workload,vllm-llama,20690.381882136066
2024-06-28 05:51:07.440999985,vllm:avg_prompt_throughput_toks_per_s,http,10.130.4.93:8000,vllm-llama,/data/transformers_cache/models--ibm-granite--granite-3b-code-instruct/snapshots/438ae81a509230148f962aaf669bdf42656a31ec,fmaas-monitoring,vllm-granite,openshift-user-workload-monitoring/user-workload,vllm-llama,914.3673414982002
2024-06-28 05:51:12.440999985,vllm:avg_prompt_throughput_toks_per_s,http,10.130.4.93:8000,vllm-llama,/data/transformers_cache/models--ibm-granite--granite-3b-code-instruct/snapshots/438ae81a509230148f962aaf669bdf42656a31ec,fmaas-monitoring,vllm-granite,openshift-user-workload-monitoring/user-workload,vllm-llama,914.3673414982002
2024-06-28 05:51:17.440999985,vllm:avg_prompt_throughput_toks_per_s,http,10.130.4.93:8000,vllm-llama,/data/transformers_cache/models--ibm-granite--granite-3b-code-instruct/snapshots/438ae81a509230148f962aaf669bdf42656a31ec,fmaas-monitoring,vllm-granite,openshift-user-workload-monitoring/user-workload,vllm-llama,7909.32191603154
2024-06-28 05:51:22.440999985,vllm:avg_prompt_throughput_toks_per_s,http,10.130.4.93:8000,vllm-llama,/data/transformers_cache/models--ibm-granite--granite-3b-code-instruct/snapshots/438ae81a509230148f962aaf669bdf42656a31ec,fmaas-monitoring,vllm-granite,openshift-user-workload-monitoring/user-workload,vllm-llama,7909.32191603154
2024-06-28 05:51:27.440999985,vllm:avg_prompt_throughput_toks_per_s,http,10.130.4.93:8000,vllm-llama,/data/transformers_cache/models--ibm-granite--granite-3b-code-instruct/snapshots/438ae81a509230148f962aaf669bdf42656a31ec,fmaas-monitoring,vllm-granite,openshift-user-workload-monitoring/user-workload,vllm-llama,7925.016936883361
2024-06-28 05:51:32.444999933,vllm:avg_prompt_throughput_toks_per_s,http,10.130.4.93:8000,vllm-llama,/data/transformers_cache/models--ibm-granite--granite-3b-code-instruct/snapshots/438ae81a509230148f962aaf669bdf42656a31ec,fmaas-monitoring,vllm-granite,openshift-user-workload-monitoring/user-workload,vllm-llama,7925.016936883361
2024-06-28 05:51:37.440999985,vllm:avg_prompt_throughput_toks_per_s,http,10.130.4.93:8000,vllm-llama,/data/transformers_cache/models--ibm-granite--granite-3b-code-instruct/snapshots/438ae81a509230148f962aaf669bdf42656a31ec,fmaas-monitoring,vllm-granite,openshift-user-workload-monitoring/user-workload,vllm-llama,8921.74470161376
2024-06-28 05:51:42.440999985,vllm:avg_prompt_throughput_toks_per_s,http,10.130.4.93:8000,vllm-llama,/data/transformers_cache/models--ibm-granite--granite-3b-code-instruct/snapshots/438ae81a509230148f962aaf669bdf42656a31ec,fmaas-monitoring,vllm-granite,openshift-user-workload-monitoring/user-workload,vllm-llama,19462.03783558853
2024-06-28 05:51:47.440999985,vllm:avg_prompt_throughput_toks_per_s,http,10.130.4.93:8000,vllm-llama,/data/transformers_cache/models--ibm-granite--granite-3b-code-instruct/snapshots/438ae81a509230148f962aaf669bdf42656a31ec,fmaas-monitoring,vllm-granite,openshift-user-workload-monitoring/user-workload,vllm-llama,327.7232491595503
2024-06-28 05:51:52.440999985,vllm:avg_prompt_throughput_toks_per_s,http,10.130.4.93:8000,vllm-llama,/data/transformers_cache/models--ibm-granite--granite-3b-code-instruct/snapshots/438ae81a509230148f962aaf669bdf42656a31ec,fmaas-monitoring,vllm-granite,openshift-user-workload-monitoring/user-workload,vllm-llama,327.7232491595503
2024-06-28 05:51:57.447999954,vllm:avg_prompt_throughput_toks_per_s,http,10.130.4.93:8000,vllm-llama,/data/transformers_cache/models--ibm-granite--granite-3b-code-instruct/snapshots/438ae81a509230148f962aaf669bdf42656a31ec,fmaas-monitoring,vllm-granite,openshift-user-workload-monitoring/user-workload,vllm-llama,7370.782318289202
2024-06-28 05:52:02.440999985,vllm:avg_prompt_throughput_toks_per_s,http,10.130.4.93:8000,vllm-llama,/data/transformers_cache/models--ibm-granite--granite-3b-code-instruct/snapshots/438ae81a509230148f962aaf669bdf42656a31ec,fmaas-monitoring,vllm-granite,openshift-user-workload-monitoring/user-workload,vllm-llama,7370.782318289202
2024-06-28 05:52:07.440999985,vllm:avg_prompt_throughput_toks_per_s,http,10.130.4.93:8000,vllm-llama,/data/transformers_cache/models--ibm-granite--granite-3b-code-instruct/snapshots/438ae81a509230148f962aaf669bdf42656a31ec,fmaas-monitoring,vllm-granite,openshift-user-workload-monitoring/user-workload,vllm-llama,7332.437274660712
2024-06-28 05:52:12.440999985,vllm:avg_prompt_throughput_toks_per_s,http,10.130.4.93:8000,vllm-llama,/data/transformers_cache/models--ibm-granite--granite-3b-code-instruct/snapshots/438ae81a509230148f962aaf669bdf42656a31ec,fmaas-monitoring,vllm-granite,openshift-user-workload-monitoring/user-workload,vllm-llama,19200.862459257547
2024-06-28 05:52:17.440999985,vllm:avg_prompt_throughput_toks_per_s,http,10.130.4.93:8000,vllm-llama,/data/transformers_cache/models--ibm-granite--granite-3b-code-instruct/snapshots/438ae81a509230148f962aaf669bdf42656a31ec,fmaas-monitoring,vllm-granite,openshift-user-workload-monitoring/user-workload,vllm-llama,358.0822348085193
2024-06-28 05:52:22.440999985,vllm:avg_prompt_throughput_toks_per_s,http,10.130.4.93:8000,vllm-llama,/data/transformers_cache/models--ibm-granite--granite-3b-code-instruct/snapshots/438ae81a509230148f962aaf669bdf42656a31ec,fmaas-monitoring,vllm-granite,openshift-user-workload-monitoring/user-workload,vllm-llama,18338.565135740737
2024-06-28 05:52:27.440999985,vllm:avg_prompt_throughput_toks_per_s,http,10.130.4.93:8000,vllm-llama,/data/transformers_cache/models--ibm-granite--granite-3b-code-instruct/snapshots/438ae81a509230148f962aaf669bdf42656a31ec,fmaas-monitoring,vllm-granite,openshift-user-workload-monitoring/user-workload,vllm-llama,455.517730666345
2024-06-28 05:52:32.440999985,vllm:avg_prompt_throughput_toks_per_s,http,10.130.4.93:8000,vllm-llama,/data/transformers_cache/models--ibm-granite--granite-3b-code-instruct/snapshots/438ae81a509230148f962aaf669bdf42656a31ec,fmaas-monitoring,vllm-granite,openshift-user-workload-monitoring/user-workload,vllm-llama,455.517730666345
2024-06-28 05:52:37.440999985,vllm:avg_prompt_throughput_toks_per_s,http,10.130.4.93:8000,vllm-llama,/data/transformers_cache/models--ibm-granite--granite-3b-code-instruct/snapshots/438ae81a509230148f962aaf669bdf42656a31ec,fmaas-monitoring,vllm-granite,openshift-user-workload-monitoring/user-workload,vllm-llama,8876.863626193288
2024-06-28 05:52:42.440999985,vllm:avg_prompt_throughput_toks_per_s,http,10.130.4.93:8000,vllm-llama,/data/transformers_cache/models--ibm-granite--granite-3b-code-instruct/snapshots/438ae81a509230148f962aaf669bdf42656a31ec,fmaas-monitoring,vllm-granite,openshift-user-workload-monitoring/user-workload,vllm-llama,17432.860278636435
2024-06-28 05:52:47.440999985,vllm:avg_prompt_throughput_toks_per_s,http,10.130.4.93:8000,vllm-llama,/data/transformers_cache/models--ibm-granite--granite-3b-code-instruct/snapshots/438ae81a509230148f962aaf669bdf42656a31ec,fmaas-monitoring,vllm-granite,openshift-user-workload-monitoring/user-workload,vllm-llama,540.9664051050676
2024-06-28 05:52:52.440999985,vllm:avg_prompt_throughput_toks_per_s,http,10.130.4.93:8000,vllm-llama,/data/transformers_cache/models--ibm-granite--granite-3b-code-instruct/snapshots/438ae81a509230148f962aaf669bdf42656a31ec,fmaas-monitoring,vllm-granite,openshift-user-workload-monitoring/user-workload,vllm-llama,540.9664051050676
2024-06-28 05:52:57.440999985,vllm:avg_prompt_throughput_toks_per_s,http,10.130.4.93:8000,vllm-llama,/data/transformers_cache/models--ibm-granite--granite-3b-code-instruct/snapshots/438ae81a509230148f962aaf669bdf42656a31ec,fmaas-monitoring,vllm-granite,openshift-user-workload-monitoring/user-workload,vllm-llama,8347.212037547015
2024-06-28 05:53:02.440999985,vllm:avg_prompt_throughput_toks_per_s,http,10.130.4.93:8000,vllm-llama,/data/transformers_cache/models--ibm-granite--granite-3b-code-instruct/snapshots/438ae81a509230148f962aaf669bdf42656a31ec,fmaas-monitoring,vllm-granite,openshift-user-workload-monitoring/user-workload,vllm-llama,20009.00473579543
2024-06-28 05:53:07.440999985,vllm:avg_prompt_throughput_toks_per_s,http,10.130.4.93:8000,vllm-llama,/data/transformers_cache/models--ibm-granite--granite-3b-code-instruct/snapshots/438ae81a509230148f962aaf669bdf42656a31ec,fmaas-monitoring,vllm-granite,openshift-user-workload-monitoring/user-workload,vllm-llama,271.5721803377134
2024-06-28 05:53:12.440999985,vllm:avg_prompt_throughput_toks_per_s,http,10.130.4.93:8000,vllm-llama,/data/transformers_cache/models--ibm-granite--granite-3b-code-instruct/snapshots/438ae81a509230148f962aaf669bdf42656a31ec,fmaas-monitoring,vllm-granite,openshift-user-workload-monitoring/user-workload,vllm-llama,271.5721803377134
2024-06-28 05:53:17.440999985,vllm:avg_prompt_throughput_toks_per_s,http,10.130.4.93:8000,vllm-llama,/data/transformers_cache/models--ibm-granite--granite-3b-code-instruct/snapshots/438ae81a509230148f962aaf669bdf42656a31ec,fmaas-monitoring,vllm-granite,openshift-user-workload-monitoring/user-workload,vllm-llama,7895.540539239961
2024-06-28 05:53:22.440999985,vllm:avg_prompt_throughput_toks_per_s,http,10.130.4.93:8000,vllm-llama,/data/transformers_cache/models--ibm-granite--granite-3b-code-instruct/snapshots/438ae81a509230148f962aaf669bdf42656a31ec,fmaas-monitoring,vllm-granite,openshift-user-workload-monitoring/user-workload,vllm-llama,19134.96806502913
2024-06-28 05:53:27.440999985,vllm:avg_prompt_throughput_toks_per_s,http,10.130.4.93:8000,vllm-llama,/data/transformers_cache/models--ibm-granite--granite-3b-code-instruct/snapshots/438ae81a509230148f962aaf669bdf42656a31ec,fmaas-monitoring,vllm-granite,openshift-user-workload-monitoring/user-workload,vllm-llama,365.25236407030343
2024-06-28 05:53:32.440999985,vllm:avg_prompt_throughput_toks_per_s,http,10.130.4.93:8000,vllm-llama,/data/transformers_cache/models--ibm-granite--granite-3b-code-instruct/snapshots/438ae81a509230148f962aaf669bdf42656a31ec,fmaas-monitoring,vllm-granite,openshift-user-workload-monitoring/user-workload,vllm-llama,365.25236407030343
2024-06-28 05:53:37.440999985,vllm:avg_prompt_throughput_toks_per_s,http,10.130.4.93:8000,vllm-llama,/data/transformers_cache/models--ibm-granite--granite-3b-code-instruct/snapshots/438ae81a509230148f962aaf669bdf42656a31ec,fmaas-monitoring,vllm-granite,openshift-user-workload-monitoring/user-workload,vllm-llama,7828.947259433009
2024-06-28 05:53:42.444999933,vllm:avg_prompt_throughput_toks_per_s,http,10.130.4.93:8000,vllm-llama,/data/transformers_cache/models--ibm-granite--granite-3b-code-instruct/snapshots/438ae81a509230148f962aaf669bdf42656a31ec,fmaas-monitoring,vllm-granite,openshift-user-workload-monitoring/user-workload,vllm-llama,7828.947259433009
2024-06-28 05:53:47.440999985,vllm:avg_prompt_throughput_toks_per_s,http,10.130.4.93:8000,vllm-llama,/data/transformers_cache/models--ibm-granite--granite-3b-code-instruct/snapshots/438ae81a509230148f962aaf669bdf42656a31ec,fmaas-monitoring,vllm-granite,openshift-user-workload-monitoring/user-workload,vllm-llama,8346.640604817176
2024-06-28 05:53:52.440999985,vllm:avg_prompt_throughput_toks_per_s,http,10.130.4.93:8000,vllm-llama,/data/transformers_cache/models--ibm-granite--granite-3b-code-instruct/snapshots/438ae81a509230148f962aaf669bdf42656a31ec,fmaas-monitoring,vllm-granite,openshift-user-workload-monitoring/user-workload,vllm-llama,18948.158105623173
2024-06-28 05:53:57.440999985,vllm:avg_prompt_throughput_toks_per_s,http,10.130.4.93:8000,vllm-llama,/data/transformers_cache/models--ibm-granite--granite-3b-code-instruct/snapshots/438ae81a509230148f962aaf669bdf42656a31ec,fmaas-monitoring,vllm-granite,openshift-user-workload-monitoring/user-workload,vllm-llama,15.779598615795676
2024-06-28 05:54:02.440999985,vllm:avg_prompt_throughput_toks_per_s,http,10.130.4.93:8000,vllm-llama,/data/transformers_cache/models--ibm-granite--granite-3b-code-instruct/snapshots/438ae81a509230148f962aaf669bdf42656a31ec,fmaas-monitoring,vllm-granite,openshift-user-workload-monitoring/user-workload,vllm-llama,19152.07578971699
2024-06-28 05:54:07.440999985,vllm:avg_prompt_throughput_toks_per_s,http,10.130.4.93:8000,vllm-llama,/data/transformers_cache/models--ibm-granite--granite-3b-code-instruct/snapshots/438ae81a509230148f962aaf669bdf42656a31ec,fmaas-monitoring,vllm-granite,openshift-user-workload-monitoring/user-workload,vllm-llama,371.6624797855608
2024-06-28 05:54:12.440999985,vllm:avg_prompt_throughput_toks_per_s,http,10.130.4.93:8000,vllm-llama,/data/transformers_cache/models--ibm-granite--granite-3b-code-instruct/snapshots/438ae81a509230148f962aaf669bdf42656a31ec,fmaas-monitoring,vllm-granite,openshift-user-workload-monitoring/user-workload,vllm-llama,371.6624797855608
2024-06-28 05:54:17.440999985,vllm:avg_prompt_throughput_toks_per_s,http,10.130.4.93:8000,vllm-llama,/data/transformers_cache/models--ibm-granite--granite-3b-code-instruct/snapshots/438ae81a509230148f962aaf669bdf42656a31ec,fmaas-monitoring,vllm-granite,openshift-user-workload-monitoring/user-workload,vllm-llama,8972.303458993978
2024-06-28 05:54:22.440999985,vllm:avg_prompt_throughput_toks_per_s,http,10.130.4.93:8000,vllm-llama,/data/transformers_cache/models--ibm-granite--granite-3b-code-instruct/snapshots/438ae81a509230148f962aaf669bdf42656a31ec,fmaas-monitoring,vllm-granite,openshift-user-workload-monitoring/user-workload,vllm-llama,8972.303458993978
2024-06-28 05:54:27.440999985,vllm:avg_prompt_throughput_toks_per_s,http,10.130.4.93:8000,vllm-llama,/data/transformers_cache/models--ibm-granite--granite-3b-code-instruct/snapshots/438ae81a509230148f962aaf669bdf42656a31ec,fmaas-monitoring,vllm-granite,openshift-user-workload-monitoring/user-workload,vllm-llama,8141.50181072722
2024-06-28 05:54:32.440999985,vllm:avg_prompt_throughput_toks_per_s,http,10.130.4.93:8000,vllm-llama,/data/transformers_cache/models--ibm-granite--granite-3b-code-instruct/snapshots/438ae81a509230148f962aaf669bdf42656a31ec,fmaas-monitoring,vllm-granite,openshift-user-workload-monitoring/user-workload,vllm-llama,17874.298615558113
2024-06-28 05:54:37.440999985,vllm:avg_prompt_throughput_toks_per_s,http,10.130.4.93:8000,vllm-llama,/data/transformers_cache/models--ibm-granite--granite-3b-code-instruct/snapshots/438ae81a509230148f962aaf669bdf42656a31ec,fmaas-monitoring,vllm-granite,openshift-user-workload-monitoring/user-workload,vllm-llama,309.9674297358044
2024-06-28 05:54:42.440999985,vllm:avg_prompt_throughput_toks_per_s,http,10.130.4.93:8000,vllm-llama,/data/transformers_cache/models--ibm-granite--granite-3b-code-instruct/snapshots/438ae81a509230148f962aaf669bdf42656a31ec,fmaas-monitoring,vllm-granite,openshift-user-workload-monitoring/user-workload,vllm-llama,19482.36537245163
2024-06-28 05:54:47.440999985,vllm:avg_prompt_throughput_toks_per_s,http,10.130.4.93:8000,vllm-llama,/data/transformers_cache/models--ibm-granite--granite-3b-code-instruct/snapshots/438ae81a509230148f962aaf669bdf42656a31ec,fmaas-monitoring,vllm-granite,openshift-user-workload-monitoring/user-workload,vllm-llama,650.7563145243367
2024-06-28 05:54:52.440999985,vllm:avg_prompt_throughput_toks_per_s,http,10.130.4.93:8000,vllm-llama,/data/transformers_cache/models--ibm-granite--granite-3b-code-instruct/snapshots/438ae81a509230148f962aaf669bdf42656a31ec,fmaas-monitoring,vllm-granite,openshift-user-workload-monitoring/user-workload,vllm-llama,18778.52594904717
2024-06-28 05:54:57.440999985,vllm:avg_prompt_throughput_toks_per_s,http,10.130.4.93:8000,vllm-llama,/data/transformers_cache/models--ibm-granite--granite-3b-code-instruct/snapshots/438ae81a509230148f962aaf669bdf42656a31ec,fmaas-monitoring,vllm-granite,openshift-user-workload-monitoring/user-workload,vllm-llama,790.2850122104752
2024-06-28 05:55:02.440999985,vllm:avg_prompt_throughput_toks_per_s,http,10.130.4.93:8000,vllm-llama,/data/transformers_cache/models--ibm-granite--granite-3b-code-instruct/snapshots/438ae81a509230148f962aaf669bdf42656a31ec,fmaas-monitoring,vllm-granite,openshift-user-workload-monitoring/user-workload,vllm-llama,18397.07082408536
2024-06-28 05:55:07.440999985,vllm:avg_prompt_throughput_toks_per_s,http,10.130.4.93:8000,vllm-llama,/data/transformers_cache/models--ibm-granite--granite-3b-code-instruct/snapshots/438ae81a509230148f962aaf669bdf42656a31ec,fmaas-monitoring,vllm-granite,openshift-user-workload-monitoring/user-workload,vllm-llama,996.8863058012126
2024-06-28 05:55:12.440999985,vllm:avg_prompt_throughput_toks_per_s,http,10.130.4.93:8000,vllm-llama,/data/transformers_cache/models--ibm-granite--granite-3b-code-instruct/snapshots/438ae81a509230148f962aaf669bdf42656a31ec,fmaas-monitoring,vllm-granite,openshift-user-workload-monitoring/user-workload,vllm-llama,19682.73954409054
2024-06-28 05:55:17.440999985,vllm:avg_prompt_throughput_toks_per_s,http,10.130.4.93:8000,vllm-llama,/data/transformers_cache/models--ibm-granite--granite-3b-code-instruct/snapshots/438ae81a509230148f962aaf669bdf42656a31ec,fmaas-monitoring,vllm-granite,openshift-user-workload-monitoring/user-workload,vllm-llama,1462.4162005928943
2024-06-28 05:55:22.440999985,vllm:avg_prompt_throughput_toks_per_s,http,10.130.4.93:8000,vllm-llama,/data/transformers_cache/models--ibm-granite--granite-3b-code-instruct/snapshots/438ae81a509230148f962aaf669bdf42656a31ec,fmaas-monitoring,vllm-granite,openshift-user-workload-monitoring/user-workload,vllm-llama,1462.4162005928943
2024-06-28 05:55:27.440999985,vllm:avg_prompt_throughput_toks_per_s,http,10.130.4.93:8000,vllm-llama,/data/transformers_cache/models--ibm-granite--granite-3b-code-instruct/snapshots/438ae81a509230148f962aaf669bdf42656a31ec,fmaas-monitoring,vllm-granite,openshift-user-workload-monitoring/user-workload,vllm-llama,7904.315731610982
2024-06-28 05:55:32.440999985,vllm:avg_prompt_throughput_toks_per_s,http,10.130.4.93:8000,vllm-llama,/data/transformers_cache/models--ibm-granite--granite-3b-code-instruct/snapshots/438ae81a509230148f962aaf669bdf42656a31ec,fmaas-monitoring,vllm-granite,openshift-user-workload-monitoring/user-workload,vllm-llama,19944.415182220106
2024-06-28 05:55:37.440999985,vllm:avg_prompt_throughput_toks_per_s,http,10.130.4.93:8000,vllm-llama,/data/transformers_cache/models--ibm-granite--granite-3b-code-instruct/snapshots/438ae81a509230148f962aaf669bdf42656a31ec,fmaas-monitoring,vllm-granite,openshift-user-workload-monitoring/user-workload,vllm-llama,314.34538921197696
2024-06-28 05:55:42.440999985,vllm:avg_prompt_throughput_toks_per_s,http,10.130.4.93:8000,vllm-llama,/data/transformers_cache/models--ibm-granite--granite-3b-code-instruct/snapshots/438ae81a509230148f962aaf669bdf42656a31ec,fmaas-monitoring,vllm-granite,openshift-user-workload-monitoring/user-workload,vllm-llama,20000.211686658295
2024-06-28 05:55:47.440999985,vllm:avg_prompt_throughput_toks_per_s,http,10.130.4.93:8000,vllm-llama,/data/transformers_cache/models--ibm-granite--granite-3b-code-instruct/snapshots/438ae81a509230148f962aaf669bdf42656a31ec,fmaas-monitoring,vllm-granite,openshift-user-workload-monitoring/user-workload,vllm-llama,720.0495573277418
2024-06-28 05:55:52.440999985,vllm:avg_prompt_throughput_toks_per_s,http,10.130.4.93:8000,vllm-llama,/data/transformers_cache/models--ibm-granite--granite-3b-code-instruct/snapshots/438ae81a509230148f962aaf669bdf42656a31ec,fmaas-monitoring,vllm-granite,openshift-user-workload-monitoring/user-workload,vllm-llama,720.0495573277418
2024-06-28 05:55:57.440999985,vllm:avg_prompt_throughput_toks_per_s,http,10.130.4.93:8000,vllm-llama,/data/transformers_cache/models--ibm-granite--granite-3b-code-instruct/snapshots/438ae81a509230148f962aaf669bdf42656a31ec,fmaas-monitoring,vllm-granite,openshift-user-workload-monitoring/user-workload,vllm-llama,7889.216470528065
2024-06-28 05:56:02.440999985,vllm:avg_prompt_throughput_toks_per_s,http,10.130.4.93:8000,vllm-llama,/data/transformers_cache/models--ibm-granite--granite-3b-code-instruct/snapshots/438ae81a509230148f962aaf669bdf42656a31ec,fmaas-monitoring,vllm-granite,openshift-user-workload-monitoring/user-workload,vllm-llama,17345.706247721686
2024-06-28 05:56:07.440999985,vllm:avg_prompt_throughput_toks_per_s,http,10.130.4.93:8000,vllm-llama,/data/transformers_cache/models--ibm-granite--granite-3b-code-instruct/snapshots/438ae81a509230148f962aaf669bdf42656a31ec,fmaas-monitoring,vllm-granite,openshift-user-workload-monitoring/user-workload,vllm-llama,402.523246783195
2024-06-28 05:56:12.440999985,vllm:avg_prompt_throughput_toks_per_s,http,10.130.4.93:8000,vllm-llama,/data/transformers_cache/models--ibm-granite--granite-3b-code-instruct/snapshots/438ae81a509230148f962aaf669bdf42656a31ec,fmaas-monitoring,vllm-granite,openshift-user-workload-monitoring/user-workload,vllm-llama,402.523246783195
2024-06-28 05:56:17.440999985,vllm:avg_prompt_throughput_toks_per_s,http,10.130.4.93:8000,vllm-llama,/data/transformers_cache/models--ibm-granite--granite-3b-code-instruct/snapshots/438ae81a509230148f962aaf669bdf42656a31ec,fmaas-monitoring,vllm-granite,openshift-user-workload-monitoring/user-workload,vllm-llama,8707.98684017637
2024-06-28 05:56:22.440999985,vllm:avg_prompt_throughput_toks_per_s,http,10.130.4.93:8000,vllm-llama,/data/transformers_cache/models--ibm-granite--granite-3b-code-instruct/snapshots/438ae81a509230148f962aaf669bdf42656a31ec,fmaas-monitoring,vllm-granite,openshift-user-workload-monitoring/user-workload,vllm-llama,8707.98684017637
2024-06-28 05:56:27.440999985,vllm:avg_prompt_throughput_toks_per_s,http,10.130.4.93:8000,vllm-llama,/data/transformers_cache/models--ibm-granite--granite-3b-code-instruct/snapshots/438ae81a509230148f962aaf669bdf42656a31ec,fmaas-monitoring,vllm-granite,openshift-user-workload-monitoring/user-workload,vllm-llama,8748.406275637491
2024-06-28 05:56:32.440999985,vllm:avg_prompt_throughput_toks_per_s,http,10.130.4.93:8000,vllm-llama,/data/transformers_cache/models--ibm-granite--granite-3b-code-instruct/snapshots/438ae81a509230148f962aaf669bdf42656a31ec,fmaas-monitoring,vllm-granite,openshift-user-workload-monitoring/user-workload,vllm-llama,18092.878014413913
2024-06-28 05:56:37.440999985,vllm:avg_prompt_throughput_toks_per_s,http,10.130.4.93:8000,vllm-llama,/data/transformers_cache/models--ibm-granite--granite-3b-code-instruct/snapshots/438ae81a509230148f962aaf669bdf42656a31ec,fmaas-monitoring,vllm-granite,openshift-user-workload-monitoring/user-workload,vllm-llama,383.7815092955455
2024-06-28 05:56:42.447000027,vllm:avg_prompt_throughput_toks_per_s,http,10.130.4.93:8000,vllm-llama,/data/transformers_cache/models--ibm-granite--granite-3b-code-instruct/snapshots/438ae81a509230148f962aaf669bdf42656a31ec,fmaas-monitoring,vllm-granite,openshift-user-workload-monitoring/user-workload,vllm-llama,18798.57224991035
2024-06-28 05:56:47.440999985,vllm:avg_prompt_throughput_toks_per_s,http,10.130.4.93:8000,vllm-llama,/data/transformers_cache/models--ibm-granite--granite-3b-code-instruct/snapshots/438ae81a509230148f962aaf669bdf42656a31ec,fmaas-monitoring,vllm-granite,openshift-user-workload-monitoring/user-workload,vllm-llama,643.0359683451392
2024-06-28 05:56:52.440999985,vllm:avg_prompt_throughput_toks_per_s,http,10.130.4.93:8000,vllm-llama,/data/transformers_cache/models--ibm-granite--granite-3b-code-instruct/snapshots/438ae81a509230148f962aaf669bdf42656a31ec,fmaas-monitoring,vllm-granite,openshift-user-workload-monitoring/user-workload,vllm-llama,18841.304540431578
2024-06-28 05:56:57.440999985,vllm:avg_prompt_throughput_toks_per_s,http,10.130.4.93:8000,vllm-llama,/data/transformers_cache/models--ibm-granite--granite-3b-code-instruct/snapshots/438ae81a509230148f962aaf669bdf42656a31ec,fmaas-monitoring,vllm-granite,openshift-user-workload-monitoring/user-workload,vllm-llama,831.6361367663974
2024-06-28 05:57:02.440999985,vllm:avg_prompt_throughput_toks_per_s,http,10.130.4.93:8000,vllm-llama,/data/transformers_cache/models--ibm-granite--granite-3b-code-instruct/snapshots/438ae81a509230148f962aaf669bdf42656a31ec,fmaas-monitoring,vllm-granite,openshift-user-workload-monitoring/user-workload,vllm-llama,21227.952113648902
2024-06-28 05:57:07.440999985,vllm:avg_prompt_throughput_toks_per_s,http,10.130.4.93:8000,vllm-llama,/data/transformers_cache/models--ibm-granite--granite-3b-code-instruct/snapshots/438ae81a509230148f962aaf669bdf42656a31ec,fmaas-monitoring,vllm-granite,openshift-user-workload-monitoring/user-workload,vllm-llama,1525.9949748255194
2024-06-28 05:57:12.440999985,vllm:avg_prompt_throughput_toks_per_s,http,10.130.4.93:8000,vllm-llama,/data/transformers_cache/models--ibm-granite--granite-3b-code-instruct/snapshots/438ae81a509230148f962aaf669bdf42656a31ec,fmaas-monitoring,vllm-granite,openshift-user-workload-monitoring/user-workload,vllm-llama,1525.9949748255194
2024-06-28 05:57:17.440999985,vllm:avg_prompt_throughput_toks_per_s,http,10.130.4.93:8000,vllm-llama,/data/transformers_cache/models--ibm-granite--granite-3b-code-instruct/snapshots/438ae81a509230148f962aaf669bdf42656a31ec,fmaas-monitoring,vllm-granite,openshift-user-workload-monitoring/user-workload,vllm-llama,8583.623946148267
2024-06-28 05:57:22.440999985,vllm:avg_prompt_throughput_toks_per_s,http,10.130.4.93:8000,vllm-llama,/data/transformers_cache/models--ibm-granite--granite-3b-code-instruct/snapshots/438ae81a509230148f962aaf669bdf42656a31ec,fmaas-monitoring,vllm-granite,openshift-user-workload-monitoring/user-workload,vllm-llama,17298.84593334487
2024-06-28 05:57:27.440999985,vllm:avg_prompt_throughput_toks_per_s,http,10.130.4.93:8000,vllm-llama,/data/transformers_cache/models--ibm-granite--granite-3b-code-instruct/snapshots/438ae81a509230148f962aaf669bdf42656a31ec,fmaas-monitoring,vllm-granite,openshift-user-workload-monitoring/user-workload,vllm-llama,186.45127944720426
2024-06-28 05:57:32.440999985,vllm:avg_prompt_throughput_toks_per_s,http,10.130.4.93:8000,vllm-llama,/data/transformers_cache/models--ibm-granite--granite-3b-code-instruct/snapshots/438ae81a509230148f962aaf669bdf42656a31ec,fmaas-monitoring,vllm-granite,openshift-user-workload-monitoring/user-workload,vllm-llama,186.45127944720426
2024-06-28 05:57:37.440999985,vllm:avg_prompt_throughput_toks_per_s,http,10.130.4.93:8000,vllm-llama,/data/transformers_cache/models--ibm-granite--granite-3b-code-instruct/snapshots/438ae81a509230148f962aaf669bdf42656a31ec,fmaas-monitoring,vllm-granite,openshift-user-workload-monitoring/user-workload,vllm-llama,8652.4732216792
2024-06-28 05:57:42.440999985,vllm:avg_prompt_throughput_toks_per_s,http,10.130.4.93:8000,vllm-llama,/data/transformers_cache/models--ibm-granite--granite-3b-code-instruct/snapshots/438ae81a509230148f962aaf669bdf42656a31ec,fmaas-monitoring,vllm-granite,openshift-user-workload-monitoring/user-workload,vllm-llama,17796.774077259877
2024-06-28 05:57:47.440999985,vllm:avg_prompt_throughput_toks_per_s,http,10.130.4.93:8000,vllm-llama,/data/transformers_cache/models--ibm-granite--granite-3b-code-instruct/snapshots/438ae81a509230148f962aaf669bdf42656a31ec,fmaas-monitoring,vllm-granite,openshift-user-workload-monitoring/user-workload,vllm-llama,390.4479154855986
2024-06-28 05:57:52.440999985,vllm:avg_prompt_throughput_toks_per_s,http,10.130.4.93:8000,vllm-llama,/data/transformers_cache/models--ibm-granite--granite-3b-code-instruct/snapshots/438ae81a509230148f962aaf669bdf42656a31ec,fmaas-monitoring,vllm-granite,openshift-user-workload-monitoring/user-workload,vllm-llama,17733.040991181766
2024-06-28 05:57:57.440999985,vllm:avg_prompt_throughput_toks_per_s,http,10.130.4.93:8000,vllm-llama,/data/transformers_cache/models--ibm-granite--granite-3b-code-instruct/snapshots/438ae81a509230148f962aaf669bdf42656a31ec,fmaas-monitoring,vllm-granite,openshift-user-workload-monitoring/user-workload,vllm-llama,399.8949136319625
2024-06-28 05:58:02.440999985,vllm:avg_prompt_throughput_toks_per_s,http,10.130.4.93:8000,vllm-llama,/data/transformers_cache/models--ibm-granite--granite-3b-code-instruct/snapshots/438ae81a509230148f962aaf669bdf42656a31ec,fmaas-monitoring,vllm-granite,openshift-user-workload-monitoring/user-workload,vllm-llama,21302.178494782962
2024-06-28 05:58:07.440999985,vllm:avg_prompt_throughput_toks_per_s,http,10.130.4.93:8000,vllm-llama,/data/transformers_cache/models--ibm-granite--granite-3b-code-instruct/snapshots/438ae81a509230148f962aaf669bdf42656a31ec,fmaas-monitoring,vllm-granite,openshift-user-workload-monitoring/user-workload,vllm-llama,794.2219138759342
2024-06-28 05:58:12.440999985,vllm:avg_prompt_throughput_toks_per_s,http,10.130.4.93:8000,vllm-llama,/data/transformers_cache/models--ibm-granite--granite-3b-code-instruct/snapshots/438ae81a509230148f962aaf669bdf42656a31ec,fmaas-monitoring,vllm-granite,openshift-user-workload-monitoring/user-workload,vllm-llama,18044.91435657974
2024-06-28 05:58:17.440999985,vllm:avg_prompt_throughput_toks_per_s,http,10.130.4.93:8000,vllm-llama,/data/transformers_cache/models--ibm-granite--granite-3b-code-instruct/snapshots/438ae81a509230148f962aaf669bdf42656a31ec,fmaas-monitoring,vllm-granite,openshift-user-workload-monitoring/user-workload,vllm-llama,1113.6931921302664
2024-06-28 05:58:22.440999985,vllm:avg_prompt_throughput_toks_per_s,http,10.130.4.93:8000,vllm-llama,/data/transformers_cache/models--ibm-granite--granite-3b-code-instruct/snapshots/438ae81a509230148f962aaf669bdf42656a31ec,fmaas-monitoring,vllm-granite,openshift-user-workload-monitoring/user-workload,vllm-llama,1113.6931921302664
2024-06-28 05:58:27.440999985,vllm:avg_prompt_throughput_toks_per_s,http,10.130.4.93:8000,vllm-llama,/data/transformers_cache/models--ibm-granite--granite-3b-code-instruct/snapshots/438ae81a509230148f962aaf669bdf42656a31ec,fmaas-monitoring,vllm-granite,openshift-user-workload-monitoring/user-workload,vllm-llama,7184.071369966707
2024-06-28 05:58:32.440999985,vllm:avg_prompt_throughput_toks_per_s,http,10.130.4.93:8000,vllm-llama,/data/transformers_cache/models--ibm-granite--granite-3b-code-instruct/snapshots/438ae81a509230148f962aaf669bdf42656a31ec,fmaas-monitoring,vllm-granite,openshift-user-workload-monitoring/user-workload,vllm-llama,23102.433980880534
2024-06-28 05:58:37.440999985,vllm:avg_prompt_throughput_toks_per_s,http,10.130.4.93:8000,vllm-llama,/data/transformers_cache/models--ibm-granite--granite-3b-code-instruct/snapshots/438ae81a509230148f962aaf669bdf42656a31ec,fmaas-monitoring,vllm-granite,openshift-user-workload-monitoring/user-workload,vllm-llama,401.7579247078014
2024-06-28 05:58:42.440999985,vllm:avg_prompt_throughput_toks_per_s,http,10.130.4.93:8000,vllm-llama,/data/transformers_cache/models--ibm-granite--granite-3b-code-instruct/snapshots/438ae81a509230148f962aaf669bdf42656a31ec,fmaas-monitoring,vllm-granite,openshift-user-workload-monitoring/user-workload,vllm-llama,19335.808237952217
2024-06-28 05:58:47.440999985,vllm:avg_prompt_throughput_toks_per_s,http,10.130.4.93:8000,vllm-llama,/data/transformers_cache/models--ibm-granite--granite-3b-code-instruct/snapshots/438ae81a509230148f962aaf669bdf42656a31ec,fmaas-monitoring,vllm-granite,openshift-user-workload-monitoring/user-workload,vllm-llama,389.0490673016136
2024-06-28 05:58:52.440999985,vllm:avg_prompt_throughput_toks_per_s,http,10.130.4.93:8000,vllm-llama,/data/transformers_cache/models--ibm-granite--granite-3b-code-instruct/snapshots/438ae81a509230148f962aaf669bdf42656a31ec,fmaas-monitoring,vllm-granite,openshift-user-workload-monitoring/user-workload,vllm-llama,17961.853227725765
2024-06-28 05:58:57.440999985,vllm:avg_prompt_throughput_toks_per_s,http,10.130.4.93:8000,vllm-llama,/data/transformers_cache/models--ibm-granite--granite-3b-code-instruct/snapshots/438ae81a509230148f962aaf669bdf42656a31ec,fmaas-monitoring,vllm-granite,openshift-user-workload-monitoring/user-workload,vllm-llama,911.97345845604
2024-06-28 05:59:02.440999985,vllm:avg_prompt_throughput_toks_per_s,http,10.130.4.93:8000,vllm-llama,/data/transformers_cache/models--ibm-granite--granite-3b-code-instruct/snapshots/438ae81a509230148f962aaf669bdf42656a31ec,fmaas-monitoring,vllm-granite,openshift-user-workload-monitoring/user-workload,vllm-llama,911.97345845604
2024-06-28 05:59:07.440999985,vllm:avg_prompt_throughput_toks_per_s,http,10.130.4.93:8000,vllm-llama,/data/transformers_cache/models--ibm-granite--granite-3b-code-instruct/snapshots/438ae81a509230148f962aaf669bdf42656a31ec,fmaas-monitoring,vllm-granite,openshift-user-workload-monitoring/user-workload,vllm-llama,8471.918533500733
2024-06-28 05:59:12.440999985,vllm:avg_prompt_throughput_toks_per_s,http,10.130.4.93:8000,vllm-llama,/data/transformers_cache/models--ibm-granite--granite-3b-code-instruct/snapshots/438ae81a509230148f962aaf669bdf42656a31ec,fmaas-monitoring,vllm-granite,openshift-user-workload-monitoring/user-workload,vllm-llama,21501.17794090387
2024-06-28 05:59:17.440999985,vllm:avg_prompt_throughput_toks_per_s,http,10.130.4.93:8000,vllm-llama,/data/transformers_cache/models--ibm-granite--granite-3b-code-instruct/snapshots/438ae81a509230148f962aaf669bdf42656a31ec,fmaas-monitoring,vllm-granite,openshift-user-workload-monitoring/user-workload,vllm-llama,590.4703507386065
2024-06-28 05:59:22.440999985,vllm:avg_prompt_throughput_toks_per_s,http,10.130.4.93:8000,vllm-llama,/data/transformers_cache/models--ibm-granite--granite-3b-code-instruct/snapshots/438ae81a509230148f962aaf669bdf42656a31ec,fmaas-monitoring,vllm-granite,openshift-user-workload-monitoring/user-workload,vllm-llama,20326.842170710283
2024-06-28 05:59:27.440999985,vllm:avg_prompt_throughput_toks_per_s,http,10.130.4.93:8000,vllm-llama,/data/transformers_cache/models--ibm-granite--granite-3b-code-instruct/snapshots/438ae81a509230148f962aaf669bdf42656a31ec,fmaas-monitoring,vllm-granite,openshift-user-workload-monitoring/user-workload,vllm-llama,746.3955490825216
2024-06-28 05:59:32.440999985,vllm:avg_prompt_throughput_toks_per_s,http,10.130.4.93:8000,vllm-llama,/data/transformers_cache/models--ibm-granite--granite-3b-code-instruct/snapshots/438ae81a509230148f962aaf669bdf42656a31ec,fmaas-monitoring,vllm-granite,openshift-user-workload-monitoring/user-workload,vllm-llama,18288.831489278706
2024-06-28 05:59:37.440999985,vllm:avg_prompt_throughput_toks_per_s,http,10.130.4.93:8000,vllm-llama,/data/transformers_cache/models--ibm-granite--granite-3b-code-instruct/snapshots/438ae81a509230148f962aaf669bdf42656a31ec,fmaas-monitoring,vllm-granite,openshift-user-workload-monitoring/user-workload,vllm-llama,1078.6739176369845
2024-06-28 05:59:42.440999985,vllm:avg_prompt_throughput_toks_per_s,http,10.130.4.93:8000,vllm-llama,/data/transformers_cache/models--ibm-granite--granite-3b-code-instruct/snapshots/438ae81a509230148f962aaf669bdf42656a31ec,fmaas-monitoring,vllm-granite,openshift-user-workload-monitoring/user-workload,vllm-llama,19259.19675439092
2024-06-28 05:59:47.440999985,vllm:avg_prompt_throughput_toks_per_s,http,10.130.4.93:8000,vllm-llama,/data/transformers_cache/models--ibm-granite--granite-3b-code-instruct/snapshots/438ae81a509230148f962aaf669bdf42656a31ec,fmaas-monitoring,vllm-granite,openshift-user-workload-monitoring/user-workload,vllm-llama,1458.4128864659872
2024-06-28 05:59:52.440999985,vllm:avg_prompt_throughput_toks_per_s,http,10.130.4.93:8000,vllm-llama,/data/transformers_cache/models--ibm-granite--granite-3b-code-instruct/snapshots/438ae81a509230148f962aaf669bdf42656a31ec,fmaas-monitoring,vllm-granite,openshift-user-workload-monitoring/user-workload,vllm-llama,1458.4128864659872
2024-06-28 05:59:57.440999985,vllm:avg_prompt_throughput_toks_per_s,http,10.130.4.93:8000,vllm-llama,/data/transformers_cache/models--ibm-granite--granite-3b-code-instruct/snapshots/438ae81a509230148f962aaf669bdf42656a31ec,fmaas-monitoring,vllm-granite,openshift-user-workload-monitoring/user-workload,vllm-llama,8424.487005428588
2024-06-28 06:00:02.440999985,vllm:avg_prompt_throughput_toks_per_s,http,10.130.4.93:8000,vllm-llama,/data/transformers_cache/models--ibm-granite--granite-3b-code-instruct/snapshots/438ae81a509230148f962aaf669bdf42656a31ec,fmaas-monitoring,vllm-granite,openshift-user-workload-monitoring/user-workload,vllm-llama,23721.554787521793
2024-06-28 06:00:07.440999985,vllm:avg_prompt_throughput_toks_per_s,http,10.130.4.93:8000,vllm-llama,/data/transformers_cache/models--ibm-granite--granite-3b-code-instruct/snapshots/438ae81a509230148f962aaf669bdf42656a31ec,fmaas-monitoring,vllm-granite,openshift-user-workload-monitoring/user-workload,vllm-llama,521.5988923212063
2024-06-28 06:00:12.440999985,vllm:avg_prompt_throughput_toks_per_s,http,10.130.4.93:8000,vllm-llama,/data/transformers_cache/models--ibm-granite--granite-3b-code-instruct/snapshots/438ae81a509230148f962aaf669bdf42656a31ec,fmaas-monitoring,vllm-granite,openshift-user-workload-monitoring/user-workload,vllm-llama,521.5988923212063
2024-06-28 06:00:17.440999985,vllm:avg_prompt_throughput_toks_per_s,http,10.130.4.93:8000,vllm-llama,/data/transformers_cache/models--ibm-granite--granite-3b-code-instruct/snapshots/438ae81a509230148f962aaf669bdf42656a31ec,fmaas-monitoring,vllm-granite,openshift-user-workload-monitoring/user-workload,vllm-llama,8319.362512421412
2024-06-28 06:00:22.440999985,vllm:avg_prompt_throughput_toks_per_s,http,10.130.4.93:8000,vllm-llama,/data/transformers_cache/models--ibm-granite--granite-3b-code-instruct/snapshots/438ae81a509230148f962aaf669bdf42656a31ec,fmaas-monitoring,vllm-granite,openshift-user-workload-monitoring/user-workload,vllm-llama,8319.362512421412
2024-06-28 06:00:27.440999985,vllm:avg_prompt_throughput_toks_per_s,http,10.130.4.93:8000,vllm-llama,/data/transformers_cache/models--ibm-granite--granite-3b-code-instruct/snapshots/438ae81a509230148f962aaf669bdf42656a31ec,fmaas-monitoring,vllm-granite,openshift-user-workload-monitoring/user-workload,vllm-llama,7233.649608842139
2024-06-28 06:00:32.440999985,vllm:avg_prompt_throughput_toks_per_s,http,10.130.4.93:8000,vllm-llama,/data/transformers_cache/models--ibm-granite--granite-3b-code-instruct/snapshots/438ae81a509230148f962aaf669bdf42656a31ec,fmaas-monitoring,vllm-granite,openshift-user-workload-monitoring/user-workload,vllm-llama,18523.70653840803
2024-06-28 06:00:37.440999985,vllm:avg_prompt_throughput_toks_per_s,http,10.130.4.93:8000,vllm-llama,/data/transformers_cache/models--ibm-granite--granite-3b-code-instruct/snapshots/438ae81a509230148f962aaf669bdf42656a31ec,fmaas-monitoring,vllm-granite,openshift-user-workload-monitoring/user-workload,vllm-llama,399.25662391943627
2024-06-28 06:00:42.440999985,vllm:avg_prompt_throughput_toks_per_s,http,10.130.4.93:8000,vllm-llama,/data/transformers_cache/models--ibm-granite--granite-3b-code-instruct/snapshots/438ae81a509230148f962aaf669bdf42656a31ec,fmaas-monitoring,vllm-granite,openshift-user-workload-monitoring/user-workload,vllm-llama,399.25662391943627
2024-06-28 06:00:47.440999985,vllm:avg_prompt_throughput_toks_per_s,http,10.130.4.93:8000,vllm-llama,/data/transformers_cache/models--ibm-granite--granite-3b-code-instruct/snapshots/438ae81a509230148f962aaf669bdf42656a31ec,fmaas-monitoring,vllm-granite,openshift-user-workload-monitoring/user-workload,vllm-llama,8749.295606104968
2024-06-28 06:00:52.440999985,vllm:avg_prompt_throughput_toks_per_s,http,10.130.4.93:8000,vllm-llama,/data/transformers_cache/models--ibm-granite--granite-3b-code-instruct/snapshots/438ae81a509230148f962aaf669bdf42656a31ec,fmaas-monitoring,vllm-granite,openshift-user-workload-monitoring/user-workload,vllm-llama,18433.55322563473
2024-06-28 06:00:57.440999985,vllm:avg_prompt_throughput_toks_per_s,http,10.130.4.93:8000,vllm-llama,/data/transformers_cache/models--ibm-granite--granite-3b-code-instruct/snapshots/438ae81a509230148f962aaf669bdf42656a31ec,fmaas-monitoring,vllm-granite,openshift-user-workload-monitoring/user-workload,vllm-llama,52.85385720169284
2024-06-28 06:01:02.440999985,vllm:avg_prompt_throughput_toks_per_s,http,10.130.4.93:8000,vllm-llama,/data/transformers_cache/models--ibm-granite--granite-3b-code-instruct/snapshots/438ae81a509230148f962aaf669bdf42656a31ec,fmaas-monitoring,vllm-granite,openshift-user-workload-monitoring/user-workload,vllm-llama,20320.074899673134
2024-06-28 06:01:07.440999985,vllm:avg_prompt_throughput_toks_per_s,http,10.130.4.93:8000,vllm-llama,/data/transformers_cache/models--ibm-granite--granite-3b-code-instruct/snapshots/438ae81a509230148f962aaf669bdf42656a31ec,fmaas-monitoring,vllm-granite,openshift-user-workload-monitoring/user-workload,vllm-llama,330.5814836672762
2024-06-28 06:01:12.440999985,vllm:avg_prompt_throughput_toks_per_s,http,10.130.4.93:8000,vllm-llama,/data/transformers_cache/models--ibm-granite--granite-3b-code-instruct/snapshots/438ae81a509230148f962aaf669bdf42656a31ec,fmaas-monitoring,vllm-granite,openshift-user-workload-monitoring/user-workload,vllm-llama,18949.12826531911
2024-06-28 06:01:17.440999985,vllm:avg_prompt_throughput_toks_per_s,http,10.130.4.93:8000,vllm-llama,/data/transformers_cache/models--ibm-granite--granite-3b-code-instruct/snapshots/438ae81a509230148f962aaf669bdf42656a31ec,fmaas-monitoring,vllm-granite,openshift-user-workload-monitoring/user-workload,vllm-llama,881.7429996469515
2024-06-28 06:01:22.440999985,vllm:avg_prompt_throughput_toks_per_s,http,10.130.4.93:8000,vllm-llama,/data/transformers_cache/models--ibm-granite--granite-3b-code-instruct/snapshots/438ae81a509230148f962aaf669bdf42656a31ec,fmaas-monitoring,vllm-granite,openshift-user-workload-monitoring/user-workload,vllm-llama,17362.4512002093
2024-06-28 06:01:27.440999985,vllm:avg_prompt_throughput_toks_per_s,http,10.130.4.93:8000,vllm-llama,/data/transformers_cache/models--ibm-granite--granite-3b-code-instruct/snapshots/438ae81a509230148f962aaf669bdf42656a31ec,fmaas-monitoring,vllm-granite,openshift-user-workload-monitoring/user-workload,vllm-llama,1030.5665252135348
2024-06-28 06:01:32.440999985,vllm:avg_prompt_throughput_toks_per_s,http,10.130.4.93:8000,vllm-llama,/data/transformers_cache/models--ibm-granite--granite-3b-code-instruct/snapshots/438ae81a509230148f962aaf669bdf42656a31ec,fmaas-monitoring,vllm-granite,openshift-user-workload-monitoring/user-workload,vllm-llama,18331.749124814407
2024-06-28 06:01:37.440999985,vllm:avg_prompt_throughput_toks_per_s,http,10.130.4.93:8000,vllm-llama,/data/transformers_cache/models--ibm-granite--granite-3b-code-instruct/snapshots/438ae81a509230148f962aaf669bdf42656a31ec,fmaas-monitoring,vllm-granite,openshift-user-workload-monitoring/user-workload,vllm-llama,1218.5375820968134
2024-06-28 06:01:42.440999985,vllm:avg_prompt_throughput_toks_per_s,http,10.130.4.93:8000,vllm-llama,/data/transformers_cache/models--ibm-granite--granite-3b-code-instruct/snapshots/438ae81a509230148f962aaf669bdf42656a31ec,fmaas-monitoring,vllm-granite,openshift-user-workload-monitoring/user-workload,vllm-llama,1218.5375820968134
2024-06-28 06:01:47.440999985,vllm:avg_prompt_throughput_toks_per_s,http,10.130.4.93:8000,vllm-llama,/data/transformers_cache/models--ibm-granite--granite-3b-code-instruct/snapshots/438ae81a509230148f962aaf669bdf42656a31ec,fmaas-monitoring,vllm-granite,openshift-user-workload-monitoring/user-workload,vllm-llama,8149.603292776786
2024-06-28 06:01:52.440999985,vllm:avg_prompt_throughput_toks_per_s,http,10.130.4.93:8000,vllm-llama,/data/transformers_cache/models--ibm-granite--granite-3b-code-instruct/snapshots/438ae81a509230148f962aaf669bdf42656a31ec,fmaas-monitoring,vllm-granite,openshift-user-workload-monitoring/user-workload,vllm-llama,20329.55496863972
2024-06-28 06:01:57.440999985,vllm:avg_prompt_throughput_toks_per_s,http,10.130.4.93:8000,vllm-llama,/data/transformers_cache/models--ibm-granite--granite-3b-code-instruct/snapshots/438ae81a509230148f962aaf669bdf42656a31ec,fmaas-monitoring,vllm-granite,openshift-user-workload-monitoring/user-workload,vllm-llama,403.32632073542555
2024-06-28 06:02:02.440999985,vllm:avg_prompt_throughput_toks_per_s,http,10.130.4.93:8000,vllm-llama,/data/transformers_cache/models--ibm-granite--granite-3b-code-instruct/snapshots/438ae81a509230148f962aaf669bdf42656a31ec,fmaas-monitoring,vllm-granite,openshift-user-workload-monitoring/user-workload,vllm-llama,403.32632073542555
2024-06-28 06:02:07.440999985,vllm:avg_prompt_throughput_toks_per_s,http,10.130.4.93:8000,vllm-llama,/data/transformers_cache/models--ibm-granite--granite-3b-code-instruct/snapshots/438ae81a509230148f962aaf669bdf42656a31ec,fmaas-monitoring,vllm-granite,openshift-user-workload-monitoring/user-workload,vllm-llama,8816.088081117374
2024-06-28 06:02:12.440999985,vllm:avg_prompt_throughput_toks_per_s,http,10.130.4.93:8000,vllm-llama,/data/transformers_cache/models--ibm-granite--granite-3b-code-instruct/snapshots/438ae81a509230148f962aaf669bdf42656a31ec,fmaas-monitoring,vllm-granite,openshift-user-workload-monitoring/user-workload,vllm-llama,17601.152380437226
2024-06-28 06:02:17.440999985,vllm:avg_prompt_throughput_toks_per_s,http,10.130.4.93:8000,vllm-llama,/data/transformers_cache/models--ibm-granite--granite-3b-code-instruct/snapshots/438ae81a509230148f962aaf669bdf42656a31ec,fmaas-monitoring,vllm-granite,openshift-user-workload-monitoring/user-workload,vllm-llama,279.5602350634775
2024-06-28 06:02:22.440999985,vllm:avg_prompt_throughput_toks_per_s,http,10.130.4.93:8000,vllm-llama,/data/transformers_cache/models--ibm-granite--granite-3b-code-instruct/snapshots/438ae81a509230148f962aaf669bdf42656a31ec,fmaas-monitoring,vllm-granite,openshift-user-workload-monitoring/user-workload,vllm-llama,22390.12580298711
2024-06-28 06:02:27.456000090,vllm:avg_prompt_throughput_toks_per_s,http,10.130.4.93:8000,vllm-llama,/data/transformers_cache/models--ibm-granite--granite-3b-code-instruct/snapshots/438ae81a509230148f962aaf669bdf42656a31ec,fmaas-monitoring,vllm-granite,openshift-user-workload-monitoring/user-workload,vllm-llama,219.34999349980723
2024-06-28 06:02:32.440999985,vllm:avg_prompt_throughput_toks_per_s,http,10.130.4.93:8000,vllm-llama,/data/transformers_cache/models--ibm-granite--granite-3b-code-instruct/snapshots/438ae81a509230148f962aaf669bdf42656a31ec,fmaas-monitoring,vllm-granite,openshift-user-workload-monitoring/user-workload,vllm-llama,19550.15735464496
2024-06-28 06:02:37.440999985,vllm:avg_prompt_throughput_toks_per_s,http,10.130.4.93:8000,vllm-llama,/data/transformers_cache/models--ibm-granite--granite-3b-code-instruct/snapshots/438ae81a509230148f962aaf669bdf42656a31ec,fmaas-monitoring,vllm-granite,openshift-user-workload-monitoring/user-workload,vllm-llama,528.6308824655619
2024-06-28 06:02:42.440999985,vllm:avg_prompt_throughput_toks_per_s,http,10.130.4.93:8000,vllm-llama,/data/transformers_cache/models--ibm-granite--granite-3b-code-instruct/snapshots/438ae81a509230148f962aaf669bdf42656a31ec,fmaas-monitoring,vllm-granite,openshift-user-workload-monitoring/user-workload,vllm-llama,19211.94410476086
2024-06-28 06:02:47.440999985,vllm:avg_prompt_throughput_toks_per_s,http,10.130.4.93:8000,vllm-llama,/data/transformers_cache/models--ibm-granite--granite-3b-code-instruct/snapshots/438ae81a509230148f962aaf669bdf42656a31ec,fmaas-monitoring,vllm-granite,openshift-user-workload-monitoring/user-workload,vllm-llama,715.8014434892552
2024-06-28 06:02:52.440999985,vllm:avg_prompt_throughput_toks_per_s,http,10.130.4.93:8000,vllm-llama,/data/transformers_cache/models--ibm-granite--granite-3b-code-instruct/snapshots/438ae81a509230148f962aaf669bdf42656a31ec,fmaas-monitoring,vllm-granite,openshift-user-workload-monitoring/user-workload,vllm-llama,715.8014434892552
2024-06-28 06:02:57.440999985,vllm:avg_prompt_throughput_toks_per_s,http,10.130.4.93:8000,vllm-llama,/data/transformers_cache/models--ibm-granite--granite-3b-code-instruct/snapshots/438ae81a509230148f962aaf669bdf42656a31ec,fmaas-monitoring,vllm-granite,openshift-user-workload-monitoring/user-workload,vllm-llama,8125.9582971584005
2024-06-28 06:03:02.440999985,vllm:avg_prompt_throughput_toks_per_s,http,10.130.4.93:8000,vllm-llama,/data/transformers_cache/models--ibm-granite--granite-3b-code-instruct/snapshots/438ae81a509230148f962aaf669bdf42656a31ec,fmaas-monitoring,vllm-granite,openshift-user-workload-monitoring/user-workload,vllm-llama,20401.10922969954
2024-06-28 06:03:07.440999985,vllm:avg_prompt_throughput_toks_per_s,http,10.130.4.93:8000,vllm-llama,/data/transformers_cache/models--ibm-granite--granite-3b-code-instruct/snapshots/438ae81a509230148f962aaf669bdf42656a31ec,fmaas-monitoring,vllm-granite,openshift-user-workload-monitoring/user-workload,vllm-llama,279.80122987776195
2024-06-28 06:03:12.440999985,vllm:avg_prompt_throughput_toks_per_s,http,10.130.4.93:8000,vllm-llama,/data/transformers_cache/models--ibm-granite--granite-3b-code-instruct/snapshots/438ae81a509230148f962aaf669bdf42656a31ec,fmaas-monitoring,vllm-granite,openshift-user-workload-monitoring/user-workload,vllm-llama,19623.271906410304
2024-06-28 06:03:17.440999985,vllm:avg_prompt_throughput_toks_per_s,http,10.130.4.93:8000,vllm-llama,/data/transformers_cache/models--ibm-granite--granite-3b-code-instruct/snapshots/438ae81a509230148f962aaf669bdf42656a31ec,fmaas-monitoring,vllm-granite,openshift-user-workload-monitoring/user-workload,vllm-llama,387.74925647820095
2024-06-28 06:03:22.440999985,vllm:avg_prompt_throughput_toks_per_s,http,10.130.4.93:8000,vllm-llama,/data/transformers_cache/models--ibm-granite--granite-3b-code-instruct/snapshots/438ae81a509230148f962aaf669bdf42656a31ec,fmaas-monitoring,vllm-granite,openshift-user-workload-monitoring/user-workload,vllm-llama,18792.434198499686
2024-06-28 06:03:27.440999985,vllm:avg_prompt_throughput_toks_per_s,http,10.130.4.93:8000,vllm-llama,/data/transformers_cache/models--ibm-granite--granite-3b-code-instruct/snapshots/438ae81a509230148f962aaf669bdf42656a31ec,fmaas-monitoring,vllm-granite,openshift-user-workload-monitoring/user-workload,vllm-llama,729.5559880258241
2024-06-28 06:03:32.440999985,vllm:avg_prompt_throughput_toks_per_s,http,10.130.4.93:8000,vllm-llama,/data/transformers_cache/models--ibm-granite--granite-3b-code-instruct/snapshots/438ae81a509230148f962aaf669bdf42656a31ec,fmaas-monitoring,vllm-granite,openshift-user-workload-monitoring/user-workload,vllm-llama,729.5559880258241
2024-06-28 06:03:37.440999985,vllm:avg_prompt_throughput_toks_per_s,http,10.130.4.93:8000,vllm-llama,/data/transformers_cache/models--ibm-granite--granite-3b-code-instruct/snapshots/438ae81a509230148f962aaf669bdf42656a31ec,fmaas-monitoring,vllm-granite,openshift-user-workload-monitoring/user-workload,vllm-llama,8525.355304695322
2024-06-28 06:03:42.443000078,vllm:avg_prompt_throughput_toks_per_s,http,10.130.4.93:8000,vllm-llama,/data/transformers_cache/models--ibm-granite--granite-3b-code-instruct/snapshots/438ae81a509230148f962aaf669bdf42656a31ec,fmaas-monitoring,vllm-granite,openshift-user-workload-monitoring/user-workload,vllm-llama,8525.355304695322
2024-06-28 06:03:47.440999985,vllm:avg_prompt_throughput_toks_per_s,http,10.130.4.93:8000,vllm-llama,/data/transformers_cache/models--ibm-granite--granite-3b-code-instruct/snapshots/438ae81a509230148f962aaf669bdf42656a31ec,fmaas-monitoring,vllm-granite,openshift-user-workload-monitoring/user-workload,vllm-llama,8317.135882938366
2024-06-28 06:03:52.440999985,vllm:avg_prompt_throughput_toks_per_s,http,10.130.4.93:8000,vllm-llama,/data/transformers_cache/models--ibm-granite--granite-3b-code-instruct/snapshots/438ae81a509230148f962aaf669bdf42656a31ec,fmaas-monitoring,vllm-granite,openshift-user-workload-monitoring/user-workload,vllm-llama,8317.135882938366
2024-06-28 06:03:57.440999985,vllm:avg_prompt_throughput_toks_per_s,http,10.130.4.93:8000,vllm-llama,/data/transformers_cache/models--ibm-granite--granite-3b-code-instruct/snapshots/438ae81a509230148f962aaf669bdf42656a31ec,fmaas-monitoring,vllm-granite,openshift-user-workload-monitoring/user-workload,vllm-llama,8646.996228216203
2024-06-28 06:04:02.440999985,vllm:avg_prompt_throughput_toks_per_s,http,10.130.4.93:8000,vllm-llama,/data/transformers_cache/models--ibm-granite--granite-3b-code-instruct/snapshots/438ae81a509230148f962aaf669bdf42656a31ec,fmaas-monitoring,vllm-granite,openshift-user-workload-monitoring/user-workload,vllm-llama,18585.914946877027
2024-06-28 06:04:07.440999985,vllm:avg_prompt_throughput_toks_per_s,http,10.130.4.93:8000,vllm-llama,/data/transformers_cache/models--ibm-granite--granite-3b-code-instruct/snapshots/438ae81a509230148f962aaf669bdf42656a31ec,fmaas-monitoring,vllm-granite,openshift-user-workload-monitoring/user-workload,vllm-llama,325.51821704273726
2024-06-28 06:04:12.440999985,vllm:avg_prompt_throughput_toks_per_s,http,10.130.4.93:8000,vllm-llama,/data/transformers_cache/models--ibm-granite--granite-3b-code-instruct/snapshots/438ae81a509230148f962aaf669bdf42656a31ec,fmaas-monitoring,vllm-granite,openshift-user-workload-monitoring/user-workload,vllm-llama,325.51821704273726
2024-06-28 06:04:17.440999985,vllm:avg_prompt_throughput_toks_per_s,http,10.130.4.93:8000,vllm-llama,/data/transformers_cache/models--ibm-granite--granite-3b-code-instruct/snapshots/438ae81a509230148f962aaf669bdf42656a31ec,fmaas-monitoring,vllm-granite,openshift-user-workload-monitoring/user-workload,vllm-llama,7176.260014107205
2024-06-28 06:04:22.440999985,vllm:avg_prompt_throughput_toks_per_s,http,10.130.4.93:8000,vllm-llama,/data/transformers_cache/models--ibm-granite--granite-3b-code-instruct/snapshots/438ae81a509230148f962aaf669bdf42656a31ec,fmaas-monitoring,vllm-granite,openshift-user-workload-monitoring/user-workload,vllm-llama,18968.556840719008
2024-06-28 06:04:27.440999985,vllm:avg_prompt_throughput_toks_per_s,http,10.130.4.93:8000,vllm-llama,/data/transformers_cache/models--ibm-granite--granite-3b-code-instruct/snapshots/438ae81a509230148f962aaf669bdf42656a31ec,fmaas-monitoring,vllm-granite,openshift-user-workload-monitoring/user-workload,vllm-llama,238.41277967865994
2024-06-28 06:04:32.440999985,vllm:avg_prompt_throughput_toks_per_s,http,10.130.4.93:8000,vllm-llama,/data/transformers_cache/models--ibm-granite--granite-3b-code-instruct/snapshots/438ae81a509230148f962aaf669bdf42656a31ec,fmaas-monitoring,vllm-granite,openshift-user-workload-monitoring/user-workload,vllm-llama,19824.31703005309
2024-06-28 06:04:37.440999985,vllm:avg_prompt_throughput_toks_per_s,http,10.130.4.93:8000,vllm-llama,/data/transformers_cache/models--ibm-granite--granite-3b-code-instruct/snapshots/438ae81a509230148f962aaf669bdf42656a31ec,fmaas-monitoring,vllm-granite,openshift-user-workload-monitoring/user-workload,vllm-llama,528.0455908699241
2024-06-28 06:04:42.440999985,vllm:avg_prompt_throughput_toks_per_s,http,10.130.4.93:8000,vllm-llama,/data/transformers_cache/models--ibm-granite--granite-3b-code-instruct/snapshots/438ae81a509230148f962aaf669bdf42656a31ec,fmaas-monitoring,vllm-granite,openshift-user-workload-monitoring/user-workload,vllm-llama,18013.21028014352
2024-06-28 06:04:47.440999985,vllm:avg_prompt_throughput_toks_per_s,http,10.130.4.93:8000,vllm-llama,/data/transformers_cache/models--ibm-granite--granite-3b-code-instruct/snapshots/438ae81a509230148f962aaf669bdf42656a31ec,fmaas-monitoring,vllm-granite,openshift-user-workload-monitoring/user-workload,vllm-llama,728.3733820858919
2024-06-28 06:04:52.440999985,vllm:avg_prompt_throughput_toks_per_s,http,10.130.4.93:8000,vllm-llama,/data/transformers_cache/models--ibm-granite--granite-3b-code-instruct/snapshots/438ae81a509230148f962aaf669bdf42656a31ec,fmaas-monitoring,vllm-granite,openshift-user-workload-monitoring/user-workload,vllm-llama,728.3733820858919
2024-06-28 06:04:57.440999985,vllm:avg_prompt_throughput_toks_per_s,http,10.130.4.93:8000,vllm-llama,/data/transformers_cache/models--ibm-granite--granite-3b-code-instruct/snapshots/438ae81a509230148f962aaf669bdf42656a31ec,fmaas-monitoring,vllm-granite,openshift-user-workload-monitoring/user-workload,vllm-llama,8387.897806973719
2024-06-28 06:05:02.440999985,vllm:avg_prompt_throughput_toks_per_s,http,10.130.4.93:8000,vllm-llama,/data/transformers_cache/models--ibm-granite--granite-3b-code-instruct/snapshots/438ae81a509230148f962aaf669bdf42656a31ec,fmaas-monitoring,vllm-granite,openshift-user-workload-monitoring/user-workload,vllm-llama,19283.60556302719
2024-06-28 06:05:07.440999985,vllm:avg_prompt_throughput_toks_per_s,http,10.130.4.93:8000,vllm-llama,/data/transformers_cache/models--ibm-granite--granite-3b-code-instruct/snapshots/438ae81a509230148f962aaf669bdf42656a31ec,fmaas-monitoring,vllm-granite,openshift-user-workload-monitoring/user-workload,vllm-llama,283.60868426706423
2024-06-28 06:05:12.440999985,vllm:avg_prompt_throughput_toks_per_s,http,10.130.4.93:8000,vllm-llama,/data/transformers_cache/models--ibm-granite--granite-3b-code-instruct/snapshots/438ae81a509230148f962aaf669bdf42656a31ec,fmaas-monitoring,vllm-granite,openshift-user-workload-monitoring/user-workload,vllm-llama,283.60868426706423
2024-06-28 06:05:17.440999985,vllm:avg_prompt_throughput_toks_per_s,http,10.130.4.93:8000,vllm-llama,/data/transformers_cache/models--ibm-granite--granite-3b-code-instruct/snapshots/438ae81a509230148f962aaf669bdf42656a31ec,fmaas-monitoring,vllm-granite,openshift-user-workload-monitoring/user-workload,vllm-llama,8338.12649931206
2024-06-28 06:05:22.440999985,vllm:avg_prompt_throughput_toks_per_s,http,10.130.4.93:8000,vllm-llama,/data/transformers_cache/models--ibm-granite--granite-3b-code-instruct/snapshots/438ae81a509230148f962aaf669bdf42656a31ec,fmaas-monitoring,vllm-granite,openshift-user-workload-monitoring/user-workload,vllm-llama,22138.328386747547
2024-06-28 06:05:27.440999985,vllm:avg_prompt_throughput_toks_per_s,http,10.130.4.93:8000,vllm-llama,/data/transformers_cache/models--ibm-granite--granite-3b-code-instruct/snapshots/438ae81a509230148f962aaf669bdf42656a31ec,fmaas-monitoring,vllm-granite,openshift-user-workload-monitoring/user-workload,vllm-llama,608.0735096221815
2024-06-28 06:05:32.440999985,vllm:avg_prompt_throughput_toks_per_s,http,10.130.4.93:8000,vllm-llama,/data/transformers_cache/models--ibm-granite--granite-3b-code-instruct/snapshots/438ae81a509230148f962aaf669bdf42656a31ec,fmaas-monitoring,vllm-granite,openshift-user-workload-monitoring/user-workload,vllm-llama,17369.133194903538
2024-06-28 06:05:37.440999985,vllm:avg_prompt_throughput_toks_per_s,http,10.130.4.93:8000,vllm-llama,/data/transformers_cache/models--ibm-granite--granite-3b-code-instruct/snapshots/438ae81a509230148f962aaf669bdf42656a31ec,fmaas-monitoring,vllm-granite,openshift-user-workload-monitoring/user-workload,vllm-llama,601.165340034188
2024-06-28 06:05:42.440999985,vllm:avg_prompt_throughput_toks_per_s,http,10.130.4.93:8000,vllm-llama,/data/transformers_cache/models--ibm-granite--granite-3b-code-instruct/snapshots/438ae81a509230148f962aaf669bdf42656a31ec,fmaas-monitoring,vllm-granite,openshift-user-workload-monitoring/user-workload,vllm-llama,18195.88359251258
2024-06-28 06:05:47.440999985,vllm:avg_prompt_throughput_toks_per_s,http,10.130.4.93:8000,vllm-llama,/data/transformers_cache/models--ibm-granite--granite-3b-code-instruct/snapshots/438ae81a509230148f962aaf669bdf42656a31ec,fmaas-monitoring,vllm-granite,openshift-user-workload-monitoring/user-workload,vllm-llama,974.4029626227748
2024-06-28 06:05:52.440999985,vllm:avg_prompt_throughput_toks_per_s,http,10.130.4.93:8000,vllm-llama,/data/transformers_cache/models--ibm-granite--granite-3b-code-instruct/snapshots/438ae81a509230148f962aaf669bdf42656a31ec,fmaas-monitoring,vllm-granite,openshift-user-workload-monitoring/user-workload,vllm-llama,974.4029626227748
2024-06-28 06:05:57.440999985,vllm:avg_prompt_throughput_toks_per_s,http,10.130.4.93:8000,vllm-llama,/data/transformers_cache/models--ibm-granite--granite-3b-code-instruct/snapshots/438ae81a509230148f962aaf669bdf42656a31ec,fmaas-monitoring,vllm-granite,openshift-user-workload-monitoring/user-workload,vllm-llama,8732.00379924763
2024-06-28 06:06:02.440999985,vllm:avg_prompt_throughput_toks_per_s,http,10.130.4.93:8000,vllm-llama,/data/transformers_cache/models--ibm-granite--granite-3b-code-instruct/snapshots/438ae81a509230148f962aaf669bdf42656a31ec,fmaas-monitoring,vllm-granite,openshift-user-workload-monitoring/user-workload,vllm-llama,21688.567986286198
2024-06-28 06:06:07.440999985,vllm:avg_prompt_throughput_toks_per_s,http,10.130.4.93:8000,vllm-llama,/data/transformers_cache/models--ibm-granite--granite-3b-code-instruct/snapshots/438ae81a509230148f962aaf669bdf42656a31ec,fmaas-monitoring,vllm-granite,openshift-user-workload-monitoring/user-workload,vllm-llama,46.76244304681404
2024-06-28 06:06:12.440999985,vllm:avg_prompt_throughput_toks_per_s,http,10.130.4.93:8000,vllm-llama,/data/transformers_cache/models--ibm-granite--granite-3b-code-instruct/snapshots/438ae81a509230148f962aaf669bdf42656a31ec,fmaas-monitoring,vllm-granite,openshift-user-workload-monitoring/user-workload,vllm-llama,19073.953984234
2024-06-28 06:06:17.440999985,vllm:avg_prompt_throughput_toks_per_s,http,10.130.4.93:8000,vllm-llama,/data/transformers_cache/models--ibm-granite--granite-3b-code-instruct/snapshots/438ae81a509230148f962aaf669bdf42656a31ec,fmaas-monitoring,vllm-granite,openshift-user-workload-monitoring/user-workload,vllm-llama,456.65298482710784
2024-06-28 06:06:22.453000069,vllm:avg_prompt_throughput_toks_per_s,http,10.130.4.93:8000,vllm-llama,/data/transformers_cache/models--ibm-granite--granite-3b-code-instruct/snapshots/438ae81a509230148f962aaf669bdf42656a31ec,fmaas-monitoring,vllm-granite,openshift-user-workload-monitoring/user-workload,vllm-llama,19564.549585235873
2024-06-28 06:06:27.440999985,vllm:avg_prompt_throughput_toks_per_s,http,10.130.4.93:8000,vllm-llama,/data/transformers_cache/models--ibm-granite--granite-3b-code-instruct/snapshots/438ae81a509230148f962aaf669bdf42656a31ec,fmaas-monitoring,vllm-granite,openshift-user-workload-monitoring/user-workload,vllm-llama,475.2532428813208
2024-06-28 06:06:32.440999985,vllm:avg_prompt_throughput_toks_per_s,http,10.130.4.93:8000,vllm-llama,/data/transformers_cache/models--ibm-granite--granite-3b-code-instruct/snapshots/438ae81a509230148f962aaf669bdf42656a31ec,fmaas-monitoring,vllm-granite,openshift-user-workload-monitoring/user-workload,vllm-llama,20618.234685911324
2024-06-28 06:06:37.440999985,vllm:avg_prompt_throughput_toks_per_s,http,10.130.4.93:8000,vllm-llama,/data/transformers_cache/models--ibm-granite--granite-3b-code-instruct/snapshots/438ae81a509230148f962aaf669bdf42656a31ec,fmaas-monitoring,vllm-granite,openshift-user-workload-monitoring/user-workload,vllm-llama,661.9725482303775
2024-06-28 06:06:42.440999985,vllm:avg_prompt_throughput_toks_per_s,http,10.130.4.93:8000,vllm-llama,/data/transformers_cache/models--ibm-granite--granite-3b-code-instruct/snapshots/438ae81a509230148f962aaf669bdf42656a31ec,fmaas-monitoring,vllm-granite,openshift-user-workload-monitoring/user-workload,vllm-llama,19075.22231063496
2024-06-28 06:06:47.440999985,vllm:avg_prompt_throughput_toks_per_s,http,10.130.4.93:8000,vllm-llama,/data/transformers_cache/models--ibm-granite--granite-3b-code-instruct/snapshots/438ae81a509230148f962aaf669bdf42656a31ec,fmaas-monitoring,vllm-granite,openshift-user-workload-monitoring/user-workload,vllm-llama,540.5758684317826
2024-06-28 06:06:52.440999985,vllm:avg_prompt_throughput_toks_per_s,http,10.130.4.93:8000,vllm-llama,/data/transformers_cache/models--ibm-granite--granite-3b-code-instruct/snapshots/438ae81a509230148f962aaf669bdf42656a31ec,fmaas-monitoring,vllm-granite,openshift-user-workload-monitoring/user-workload,vllm-llama,19223.246868683174
2024-06-28 06:06:57.440999985,vllm:avg_prompt_throughput_toks_per_s,http,10.130.4.93:8000,vllm-llama,/data/transformers_cache/models--ibm-granite--granite-3b-code-instruct/snapshots/438ae81a509230148f962aaf669bdf42656a31ec,fmaas-monitoring,vllm-granite,openshift-user-workload-monitoring/user-workload,vllm-llama,764.435771787741
2024-06-28 06:07:02.440999985,vllm:avg_prompt_throughput_toks_per_s,http,10.130.4.93:8000,vllm-llama,/data/transformers_cache/models--ibm-granite--granite-3b-code-instruct/snapshots/438ae81a509230148f962aaf669bdf42656a31ec,fmaas-monitoring,vllm-granite,openshift-user-workload-monitoring/user-workload,vllm-llama,18950.1212656632
2024-06-28 06:07:07.440999985,vllm:avg_prompt_throughput_toks_per_s,http,10.130.4.93:8000,vllm-llama,/data/transformers_cache/models--ibm-granite--granite-3b-code-instruct/snapshots/438ae81a509230148f962aaf669bdf42656a31ec,fmaas-monitoring,vllm-granite,openshift-user-workload-monitoring/user-workload,vllm-llama,1005.6510048693783
2024-06-28 06:07:12.440999985,vllm:avg_prompt_throughput_toks_per_s,http,10.130.4.93:8000,vllm-llama,/data/transformers_cache/models--ibm-granite--granite-3b-code-instruct/snapshots/438ae81a509230148f962aaf669bdf42656a31ec,fmaas-monitoring,vllm-granite,openshift-user-workload-monitoring/user-workload,vllm-llama,18515.606814895847
2024-06-28 06:07:17.451999903,vllm:avg_prompt_throughput_toks_per_s,http,10.130.4.93:8000,vllm-llama,/data/transformers_cache/models--ibm-granite--granite-3b-code-instruct/snapshots/438ae81a509230148f962aaf669bdf42656a31ec,fmaas-monitoring,vllm-granite,openshift-user-workload-monitoring/user-workload,vllm-llama,1200.0093636593206
2024-06-28 06:07:22.440999985,vllm:avg_prompt_throughput_toks_per_s,http,10.130.4.93:8000,vllm-llama,/data/transformers_cache/models--ibm-granite--granite-3b-code-instruct/snapshots/438ae81a509230148f962aaf669bdf42656a31ec,fmaas-monitoring,vllm-granite,openshift-user-workload-monitoring/user-workload,vllm-llama,23046.994149063845
2024-06-28 06:07:27.440999985,vllm:avg_prompt_throughput_toks_per_s,http,10.130.4.93:8000,vllm-llama,/data/transformers_cache/models--ibm-granite--granite-3b-code-instruct/snapshots/438ae81a509230148f962aaf669bdf42656a31ec,fmaas-monitoring,vllm-granite,openshift-user-workload-monitoring/user-workload,vllm-llama,1664.7028447158834
2024-06-28 06:07:32.440999985,vllm:avg_prompt_throughput_toks_per_s,http,10.130.4.93:8000,vllm-llama,/data/transformers_cache/models--ibm-granite--granite-3b-code-instruct/snapshots/438ae81a509230148f962aaf669bdf42656a31ec,fmaas-monitoring,vllm-granite,openshift-user-workload-monitoring/user-workload,vllm-llama,1664.7028447158834
2024-06-28 06:07:37.440999985,vllm:avg_prompt_throughput_toks_per_s,http,10.130.4.93:8000,vllm-llama,/data/transformers_cache/models--ibm-granite--granite-3b-code-instruct/snapshots/438ae81a509230148f962aaf669bdf42656a31ec,fmaas-monitoring,vllm-granite,openshift-user-workload-monitoring/user-workload,vllm-llama,9426.30480981753
2024-06-28 06:07:42.440999985,vllm:avg_prompt_throughput_toks_per_s,http,10.130.4.93:8000,vllm-llama,/data/transformers_cache/models--ibm-granite--granite-3b-code-instruct/snapshots/438ae81a509230148f962aaf669bdf42656a31ec,fmaas-monitoring,vllm-granite,openshift-user-workload-monitoring/user-workload,vllm-llama,18609.087600634364
2024-06-28 06:07:47.440999985,vllm:avg_prompt_throughput_toks_per_s,http,10.130.4.93:8000,vllm-llama,/data/transformers_cache/models--ibm-granite--granite-3b-code-instruct/snapshots/438ae81a509230148f962aaf669bdf42656a31ec,fmaas-monitoring,vllm-granite,openshift-user-workload-monitoring/user-workload,vllm-llama,166.5746815456046
2024-06-28 06:07:52.440999985,vllm:avg_prompt_throughput_toks_per_s,http,10.130.4.93:8000,vllm-llama,/data/transformers_cache/models--ibm-granite--granite-3b-code-instruct/snapshots/438ae81a509230148f962aaf669bdf42656a31ec,fmaas-monitoring,vllm-granite,openshift-user-workload-monitoring/user-workload,vllm-llama,166.5746815456046
2024-06-28 06:07:57.440999985,vllm:avg_prompt_throughput_toks_per_s,http,10.130.4.93:8000,vllm-llama,/data/transformers_cache/models--ibm-granite--granite-3b-code-instruct/snapshots/438ae81a509230148f962aaf669bdf42656a31ec,fmaas-monitoring,vllm-granite,openshift-user-workload-monitoring/user-workload,vllm-llama,8457.295373815696
