timestamp,DCGM_FI_DEV_BRAND,DCGM_FI_DEV_ECC_INFOROM_VER,DCGM_FI_DEV_INFOROM_IMAGE_VER,DCGM_FI_DEV_OEM_INFOROM_VER,DCGM_FI_DEV_SERIAL,DCGM_FI_DEV_VBIOS_VERSION,DCGM_FI_DRIVER_VERSION,DCGM_FI_NVML_VERSION,Hostname,UUID,__name__,container,device,endpoint,gpu,instance,job,modelName,namespace,pod,prometheus,service,value,exported_container,exported_namespace,exported_pod
2024-05-21 18:16:30.772000074,NVIDIA,6.16,G506.0210.00.03,2.0,1652523001873,92.00.45.00.05,535.104.05,12.535.104.05,fmaas-devstage-backen-9cjgj-worker-a100-il-rdma-3-jx6tm,GPU-005a31d4-76ae-2dd3-af84-3b7039e24835,DCGM_FI_PROF_PCIE_TX_BYTES,nvidia-dcgm-exporter,nvidia6,gpu-metrics,6,192.241.129.18:9400,nvidia-dcgm-exporter,NVIDIA A100-SXM4-80GB,nvidia-gpu-operator,nvidia-dcgm-exporter-xq25l,openshift-monitoring/k8s,nvidia-dcgm-exporter,347802.0,,,
2024-05-21 18:16:43.667999983,NVIDIA,6.16,G506.0210.00.03,2.0,1652523001873,92.00.45.00.05,535.104.05,12.535.104.05,fmaas-devstage-backen-9cjgj-worker-a100-il-rdma-3-jx6tm,GPU-005a31d4-76ae-2dd3-af84-3b7039e24835,DCGM_FI_PROF_PCIE_TX_BYTES,nvidia-dcgm-exporter,nvidia6,gpu-metrics,6,192.241.129.18:9400,nvidia-dcgm-exporter,NVIDIA A100-SXM4-80GB,nvidia-gpu-operator,nvidia-dcgm-exporter-xq25l,openshift-monitoring/k8s,nvidia-dcgm-exporter,178136.0,,,
2024-05-21 18:17:13.667999983,NVIDIA,6.16,G506.0210.00.03,2.0,1652523001873,92.00.45.00.05,535.104.05,12.535.104.05,fmaas-devstage-backen-9cjgj-worker-a100-il-rdma-3-jx6tm,GPU-005a31d4-76ae-2dd3-af84-3b7039e24835,DCGM_FI_PROF_PCIE_TX_BYTES,nvidia-dcgm-exporter,nvidia6,gpu-metrics,6,192.241.129.18:9400,nvidia-dcgm-exporter,NVIDIA A100-SXM4-80GB,nvidia-gpu-operator,nvidia-dcgm-exporter-xq25l,openshift-monitoring/k8s,nvidia-dcgm-exporter,317518.0,,,
2024-05-21 18:17:43.667999983,NVIDIA,6.16,G506.0210.00.03,2.0,1652523001873,92.00.45.00.05,535.104.05,12.535.104.05,fmaas-devstage-backen-9cjgj-worker-a100-il-rdma-3-jx6tm,GPU-005a31d4-76ae-2dd3-af84-3b7039e24835,DCGM_FI_PROF_PCIE_TX_BYTES,nvidia-dcgm-exporter,nvidia6,gpu-metrics,6,192.241.129.18:9400,nvidia-dcgm-exporter,NVIDIA A100-SXM4-80GB,nvidia-gpu-operator,nvidia-dcgm-exporter-xq25l,openshift-monitoring/k8s,nvidia-dcgm-exporter,107745.0,,,
2024-05-21 18:18:13.667999983,NVIDIA,6.16,G506.0210.00.03,2.0,1652523001873,92.00.45.00.05,535.104.05,12.535.104.05,fmaas-devstage-backen-9cjgj-worker-a100-il-rdma-3-jx6tm,GPU-005a31d4-76ae-2dd3-af84-3b7039e24835,DCGM_FI_PROF_PCIE_TX_BYTES,nvidia-dcgm-exporter,nvidia6,gpu-metrics,6,192.241.129.18:9400,nvidia-dcgm-exporter,NVIDIA A100-SXM4-80GB,nvidia-gpu-operator,nvidia-dcgm-exporter-xq25l,openshift-monitoring/k8s,nvidia-dcgm-exporter,740845.0,,,
2024-05-21 18:18:43.667999983,NVIDIA,6.16,G506.0210.00.03,2.0,1652523001873,92.00.45.00.05,535.104.05,12.535.104.05,fmaas-devstage-backen-9cjgj-worker-a100-il-rdma-3-jx6tm,GPU-005a31d4-76ae-2dd3-af84-3b7039e24835,DCGM_FI_PROF_PCIE_TX_BYTES,nvidia-dcgm-exporter,nvidia6,gpu-metrics,6,192.241.129.18:9400,nvidia-dcgm-exporter,NVIDIA A100-SXM4-80GB,nvidia-gpu-operator,nvidia-dcgm-exporter-xq25l,openshift-monitoring/k8s,nvidia-dcgm-exporter,347401.0,,,
2024-05-21 18:19:13.667999983,NVIDIA,6.16,G506.0210.00.03,2.0,1652523001873,92.00.45.00.05,535.104.05,12.535.104.05,fmaas-devstage-backen-9cjgj-worker-a100-il-rdma-3-jx6tm,GPU-005a31d4-76ae-2dd3-af84-3b7039e24835,DCGM_FI_PROF_PCIE_TX_BYTES,nvidia-dcgm-exporter,nvidia6,gpu-metrics,6,192.241.129.18:9400,nvidia-dcgm-exporter,NVIDIA A100-SXM4-80GB,nvidia-gpu-operator,nvidia-dcgm-exporter-xq25l,openshift-monitoring/k8s,nvidia-dcgm-exporter,412841.0,,,
2024-05-21 18:19:43.667999983,NVIDIA,6.16,G506.0210.00.03,2.0,1652523001873,92.00.45.00.05,535.104.05,12.535.104.05,fmaas-devstage-backen-9cjgj-worker-a100-il-rdma-3-jx6tm,GPU-005a31d4-76ae-2dd3-af84-3b7039e24835,DCGM_FI_PROF_PCIE_TX_BYTES,nvidia-dcgm-exporter,nvidia6,gpu-metrics,6,192.241.129.18:9400,nvidia-dcgm-exporter,NVIDIA A100-SXM4-80GB,nvidia-gpu-operator,nvidia-dcgm-exporter-xq25l,openshift-monitoring/k8s,nvidia-dcgm-exporter,156625.0,,,
2024-05-21 18:20:13.667999983,NVIDIA,6.16,G506.0210.00.03,2.0,1652523001873,92.00.45.00.05,535.104.05,12.535.104.05,fmaas-devstage-backen-9cjgj-worker-a100-il-rdma-3-jx6tm,GPU-005a31d4-76ae-2dd3-af84-3b7039e24835,DCGM_FI_PROF_PCIE_TX_BYTES,nvidia-dcgm-exporter,nvidia6,gpu-metrics,6,192.241.129.18:9400,nvidia-dcgm-exporter,NVIDIA A100-SXM4-80GB,nvidia-gpu-operator,nvidia-dcgm-exporter-xq25l,openshift-monitoring/k8s,nvidia-dcgm-exporter,1098919.0,,,
2024-05-21 18:20:43.667999983,NVIDIA,6.16,G506.0210.00.03,2.0,1652523001873,92.00.45.00.05,535.104.05,12.535.104.05,fmaas-devstage-backen-9cjgj-worker-a100-il-rdma-3-jx6tm,GPU-005a31d4-76ae-2dd3-af84-3b7039e24835,DCGM_FI_PROF_PCIE_TX_BYTES,nvidia-dcgm-exporter,nvidia6,gpu-metrics,6,192.241.129.18:9400,nvidia-dcgm-exporter,NVIDIA A100-SXM4-80GB,nvidia-gpu-operator,nvidia-dcgm-exporter-xq25l,openshift-monitoring/k8s,nvidia-dcgm-exporter,447730.0,,,
2024-05-21 18:21:13.667999983,NVIDIA,6.16,G506.0210.00.03,2.0,1652523001873,92.00.45.00.05,535.104.05,12.535.104.05,fmaas-devstage-backen-9cjgj-worker-a100-il-rdma-3-jx6tm,GPU-005a31d4-76ae-2dd3-af84-3b7039e24835,DCGM_FI_PROF_PCIE_TX_BYTES,nvidia-dcgm-exporter,nvidia6,gpu-metrics,6,192.241.129.18:9400,nvidia-dcgm-exporter,NVIDIA A100-SXM4-80GB,nvidia-gpu-operator,nvidia-dcgm-exporter-xq25l,openshift-monitoring/k8s,nvidia-dcgm-exporter,252687.0,,,
2024-05-21 18:21:43.667999983,NVIDIA,6.16,G506.0210.00.03,2.0,1652523001873,92.00.45.00.05,535.104.05,12.535.104.05,fmaas-devstage-backen-9cjgj-worker-a100-il-rdma-3-jx6tm,GPU-005a31d4-76ae-2dd3-af84-3b7039e24835,DCGM_FI_PROF_PCIE_TX_BYTES,nvidia-dcgm-exporter,nvidia6,gpu-metrics,6,192.241.129.18:9400,nvidia-dcgm-exporter,NVIDIA A100-SXM4-80GB,nvidia-gpu-operator,nvidia-dcgm-exporter-xq25l,openshift-monitoring/k8s,nvidia-dcgm-exporter,312394.0,,,
2024-05-21 18:22:13.667999983,NVIDIA,6.16,G506.0210.00.03,2.0,1652523001873,92.00.45.00.05,535.104.05,12.535.104.05,fmaas-devstage-backen-9cjgj-worker-a100-il-rdma-3-jx6tm,GPU-005a31d4-76ae-2dd3-af84-3b7039e24835,DCGM_FI_PROF_PCIE_TX_BYTES,nvidia-dcgm-exporter,nvidia6,gpu-metrics,6,192.241.129.18:9400,nvidia-dcgm-exporter,NVIDIA A100-SXM4-80GB,nvidia-gpu-operator,nvidia-dcgm-exporter-xq25l,openshift-monitoring/k8s,nvidia-dcgm-exporter,192550.0,,,
2024-05-21 18:22:43.667999983,NVIDIA,6.16,G506.0210.00.03,2.0,1652523001873,92.00.45.00.05,535.104.05,12.535.104.05,fmaas-devstage-backen-9cjgj-worker-a100-il-rdma-3-jx6tm,GPU-005a31d4-76ae-2dd3-af84-3b7039e24835,DCGM_FI_PROF_PCIE_TX_BYTES,nvidia-dcgm-exporter,nvidia6,gpu-metrics,6,192.241.129.18:9400,nvidia-dcgm-exporter,NVIDIA A100-SXM4-80GB,nvidia-gpu-operator,nvidia-dcgm-exporter-xq25l,openshift-monitoring/k8s,nvidia-dcgm-exporter,235260.0,,,
2024-05-21 18:23:13.667999983,NVIDIA,6.16,G506.0210.00.03,2.0,1652523001873,92.00.45.00.05,535.104.05,12.535.104.05,fmaas-devstage-backen-9cjgj-worker-a100-il-rdma-3-jx6tm,GPU-005a31d4-76ae-2dd3-af84-3b7039e24835,DCGM_FI_PROF_PCIE_TX_BYTES,nvidia-dcgm-exporter,nvidia6,gpu-metrics,6,192.241.129.18:9400,nvidia-dcgm-exporter,NVIDIA A100-SXM4-80GB,nvidia-gpu-operator,nvidia-dcgm-exporter-xq25l,openshift-monitoring/k8s,nvidia-dcgm-exporter,144485.0,,,
2024-05-21 18:23:43.667999983,NVIDIA,6.16,G506.0210.00.03,2.0,1652523001873,92.00.45.00.05,535.104.05,12.535.104.05,fmaas-devstage-backen-9cjgj-worker-a100-il-rdma-3-jx6tm,GPU-005a31d4-76ae-2dd3-af84-3b7039e24835,DCGM_FI_PROF_PCIE_TX_BYTES,nvidia-dcgm-exporter,nvidia6,gpu-metrics,6,192.241.129.18:9400,nvidia-dcgm-exporter,NVIDIA A100-SXM4-80GB,nvidia-gpu-operator,nvidia-dcgm-exporter-xq25l,openshift-monitoring/k8s,nvidia-dcgm-exporter,451307.0,,,
2024-05-21 18:24:13.667999983,NVIDIA,6.16,G506.0210.00.03,2.0,1652523001873,92.00.45.00.05,535.104.05,12.535.104.05,fmaas-devstage-backen-9cjgj-worker-a100-il-rdma-3-jx6tm,GPU-005a31d4-76ae-2dd3-af84-3b7039e24835,DCGM_FI_PROF_PCIE_TX_BYTES,nvidia-dcgm-exporter,nvidia6,gpu-metrics,6,192.241.129.18:9400,nvidia-dcgm-exporter,NVIDIA A100-SXM4-80GB,nvidia-gpu-operator,nvidia-dcgm-exporter-xq25l,openshift-monitoring/k8s,nvidia-dcgm-exporter,237406.0,,,
2024-05-21 18:24:43.667999983,NVIDIA,6.16,G506.0210.00.03,2.0,1652523001873,92.00.45.00.05,535.104.05,12.535.104.05,fmaas-devstage-backen-9cjgj-worker-a100-il-rdma-3-jx6tm,GPU-005a31d4-76ae-2dd3-af84-3b7039e24835,DCGM_FI_PROF_PCIE_TX_BYTES,nvidia-dcgm-exporter,nvidia6,gpu-metrics,6,192.241.129.18:9400,nvidia-dcgm-exporter,NVIDIA A100-SXM4-80GB,nvidia-gpu-operator,nvidia-dcgm-exporter-xq25l,openshift-monitoring/k8s,nvidia-dcgm-exporter,311500.0,,,
2024-05-21 18:25:13.667999983,NVIDIA,6.16,G506.0210.00.03,2.0,1652523001873,92.00.45.00.05,535.104.05,12.535.104.05,fmaas-devstage-backen-9cjgj-worker-a100-il-rdma-3-jx6tm,GPU-005a31d4-76ae-2dd3-af84-3b7039e24835,DCGM_FI_PROF_PCIE_TX_BYTES,nvidia-dcgm-exporter,nvidia6,gpu-metrics,6,192.241.129.18:9400,nvidia-dcgm-exporter,NVIDIA A100-SXM4-80GB,nvidia-gpu-operator,nvidia-dcgm-exporter-xq25l,openshift-monitoring/k8s,nvidia-dcgm-exporter,170633.0,,,
2024-05-21 18:25:43.667999983,NVIDIA,6.16,G506.0210.00.03,2.0,1652523001873,92.00.45.00.05,535.104.05,12.535.104.05,fmaas-devstage-backen-9cjgj-worker-a100-il-rdma-3-jx6tm,GPU-005a31d4-76ae-2dd3-af84-3b7039e24835,DCGM_FI_PROF_PCIE_TX_BYTES,nvidia-dcgm-exporter,nvidia6,gpu-metrics,6,192.241.129.18:9400,nvidia-dcgm-exporter,NVIDIA A100-SXM4-80GB,nvidia-gpu-operator,nvidia-dcgm-exporter-xq25l,openshift-monitoring/k8s,nvidia-dcgm-exporter,236001.0,,,
2024-05-21 18:26:13.667999983,NVIDIA,6.16,G506.0210.00.03,2.0,1652523001873,92.00.45.00.05,535.104.05,12.535.104.05,fmaas-devstage-backen-9cjgj-worker-a100-il-rdma-3-jx6tm,GPU-005a31d4-76ae-2dd3-af84-3b7039e24835,DCGM_FI_PROF_PCIE_TX_BYTES,nvidia-dcgm-exporter,nvidia6,gpu-metrics,6,192.241.129.18:9400,nvidia-dcgm-exporter,NVIDIA A100-SXM4-80GB,nvidia-gpu-operator,nvidia-dcgm-exporter-xq25l,openshift-monitoring/k8s,nvidia-dcgm-exporter,169782.0,,,
2024-05-21 18:16:30.772000074,NVIDIA,6.16,G506.0210.00.03,2.0,1652523002864,92.00.45.00.05,535.104.05,12.535.104.05,fmaas-devstage-backen-9cjgj-worker-a100-il-rdma-3-jx6tm,GPU-bd65bd70-5a12-7002-a705-315758f75144,DCGM_FI_PROF_PCIE_TX_BYTES,nvidia-dcgm-exporter,nvidia7,gpu-metrics,7,192.241.129.18:9400,nvidia-dcgm-exporter,NVIDIA A100-SXM4-80GB,nvidia-gpu-operator,nvidia-dcgm-exporter-xq25l,openshift-monitoring/k8s,nvidia-dcgm-exporter,211407.0,caikit-runtime,fmaas-tuning,devstage-cais-bcbf7c8fb-pxhmp
2024-05-21 18:16:43.667999983,NVIDIA,6.16,G506.0210.00.03,2.0,1652523002864,92.00.45.00.05,535.104.05,12.535.104.05,fmaas-devstage-backen-9cjgj-worker-a100-il-rdma-3-jx6tm,GPU-bd65bd70-5a12-7002-a705-315758f75144,DCGM_FI_PROF_PCIE_TX_BYTES,nvidia-dcgm-exporter,nvidia7,gpu-metrics,7,192.241.129.18:9400,nvidia-dcgm-exporter,NVIDIA A100-SXM4-80GB,nvidia-gpu-operator,nvidia-dcgm-exporter-xq25l,openshift-monitoring/k8s,nvidia-dcgm-exporter,117988.0,caikit-runtime,fmaas-tuning,devstage-cais-bcbf7c8fb-pxhmp
2024-05-21 18:17:13.667999983,NVIDIA,6.16,G506.0210.00.03,2.0,1652523002864,92.00.45.00.05,535.104.05,12.535.104.05,fmaas-devstage-backen-9cjgj-worker-a100-il-rdma-3-jx6tm,GPU-bd65bd70-5a12-7002-a705-315758f75144,DCGM_FI_PROF_PCIE_TX_BYTES,nvidia-dcgm-exporter,nvidia7,gpu-metrics,7,192.241.129.18:9400,nvidia-dcgm-exporter,NVIDIA A100-SXM4-80GB,nvidia-gpu-operator,nvidia-dcgm-exporter-xq25l,openshift-monitoring/k8s,nvidia-dcgm-exporter,459033.0,caikit-runtime,fmaas-tuning,devstage-cais-bcbf7c8fb-pxhmp
2024-05-21 18:17:43.667999983,NVIDIA,6.16,G506.0210.00.03,2.0,1652523002864,92.00.45.00.05,535.104.05,12.535.104.05,fmaas-devstage-backen-9cjgj-worker-a100-il-rdma-3-jx6tm,GPU-bd65bd70-5a12-7002-a705-315758f75144,DCGM_FI_PROF_PCIE_TX_BYTES,nvidia-dcgm-exporter,nvidia7,gpu-metrics,7,192.241.129.18:9400,nvidia-dcgm-exporter,NVIDIA A100-SXM4-80GB,nvidia-gpu-operator,nvidia-dcgm-exporter-xq25l,openshift-monitoring/k8s,nvidia-dcgm-exporter,209805.0,caikit-runtime,fmaas-tuning,devstage-cais-bcbf7c8fb-pxhmp
2024-05-21 18:18:13.667999983,NVIDIA,6.16,G506.0210.00.03,2.0,1652523002864,92.00.45.00.05,535.104.05,12.535.104.05,fmaas-devstage-backen-9cjgj-worker-a100-il-rdma-3-jx6tm,GPU-bd65bd70-5a12-7002-a705-315758f75144,DCGM_FI_PROF_PCIE_TX_BYTES,nvidia-dcgm-exporter,nvidia7,gpu-metrics,7,192.241.129.18:9400,nvidia-dcgm-exporter,NVIDIA A100-SXM4-80GB,nvidia-gpu-operator,nvidia-dcgm-exporter-xq25l,openshift-monitoring/k8s,nvidia-dcgm-exporter,469774.0,caikit-runtime,fmaas-tuning,devstage-cais-bcbf7c8fb-pxhmp
2024-05-21 18:18:43.667999983,NVIDIA,6.16,G506.0210.00.03,2.0,1652523002864,92.00.45.00.05,535.104.05,12.535.104.05,fmaas-devstage-backen-9cjgj-worker-a100-il-rdma-3-jx6tm,GPU-bd65bd70-5a12-7002-a705-315758f75144,DCGM_FI_PROF_PCIE_TX_BYTES,nvidia-dcgm-exporter,nvidia7,gpu-metrics,7,192.241.129.18:9400,nvidia-dcgm-exporter,NVIDIA A100-SXM4-80GB,nvidia-gpu-operator,nvidia-dcgm-exporter-xq25l,openshift-monitoring/k8s,nvidia-dcgm-exporter,207472.0,caikit-runtime,fmaas-tuning,devstage-cais-bcbf7c8fb-pxhmp
2024-05-21 18:19:13.667999983,NVIDIA,6.16,G506.0210.00.03,2.0,1652523002864,92.00.45.00.05,535.104.05,12.535.104.05,fmaas-devstage-backen-9cjgj-worker-a100-il-rdma-3-jx6tm,GPU-bd65bd70-5a12-7002-a705-315758f75144,DCGM_FI_PROF_PCIE_TX_BYTES,nvidia-dcgm-exporter,nvidia7,gpu-metrics,7,192.241.129.18:9400,nvidia-dcgm-exporter,NVIDIA A100-SXM4-80GB,nvidia-gpu-operator,nvidia-dcgm-exporter-xq25l,openshift-monitoring/k8s,nvidia-dcgm-exporter,38391.0,caikit-runtime,fmaas-tuning,devstage-cais-bcbf7c8fb-pxhmp
2024-05-21 18:19:43.667999983,NVIDIA,6.16,G506.0210.00.03,2.0,1652523002864,92.00.45.00.05,535.104.05,12.535.104.05,fmaas-devstage-backen-9cjgj-worker-a100-il-rdma-3-jx6tm,GPU-bd65bd70-5a12-7002-a705-315758f75144,DCGM_FI_PROF_PCIE_TX_BYTES,nvidia-dcgm-exporter,nvidia7,gpu-metrics,7,192.241.129.18:9400,nvidia-dcgm-exporter,NVIDIA A100-SXM4-80GB,nvidia-gpu-operator,nvidia-dcgm-exporter-xq25l,openshift-monitoring/k8s,nvidia-dcgm-exporter,191182.0,caikit-runtime,fmaas-tuning,devstage-cais-bcbf7c8fb-pxhmp
2024-05-21 18:20:13.667999983,NVIDIA,6.16,G506.0210.00.03,2.0,1652523002864,92.00.45.00.05,535.104.05,12.535.104.05,fmaas-devstage-backen-9cjgj-worker-a100-il-rdma-3-jx6tm,GPU-bd65bd70-5a12-7002-a705-315758f75144,DCGM_FI_PROF_PCIE_TX_BYTES,nvidia-dcgm-exporter,nvidia7,gpu-metrics,7,192.241.129.18:9400,nvidia-dcgm-exporter,NVIDIA A100-SXM4-80GB,nvidia-gpu-operator,nvidia-dcgm-exporter-xq25l,openshift-monitoring/k8s,nvidia-dcgm-exporter,1032885.0,caikit-runtime,fmaas-tuning,devstage-cais-bcbf7c8fb-pxhmp
2024-05-21 18:20:43.667999983,NVIDIA,6.16,G506.0210.00.03,2.0,1652523002864,92.00.45.00.05,535.104.05,12.535.104.05,fmaas-devstage-backen-9cjgj-worker-a100-il-rdma-3-jx6tm,GPU-bd65bd70-5a12-7002-a705-315758f75144,DCGM_FI_PROF_PCIE_TX_BYTES,nvidia-dcgm-exporter,nvidia7,gpu-metrics,7,192.241.129.18:9400,nvidia-dcgm-exporter,NVIDIA A100-SXM4-80GB,nvidia-gpu-operator,nvidia-dcgm-exporter-xq25l,openshift-monitoring/k8s,nvidia-dcgm-exporter,364828.0,caikit-runtime,fmaas-tuning,devstage-cais-bcbf7c8fb-pxhmp
2024-05-21 18:21:13.667999983,NVIDIA,6.16,G506.0210.00.03,2.0,1652523002864,92.00.45.00.05,535.104.05,12.535.104.05,fmaas-devstage-backen-9cjgj-worker-a100-il-rdma-3-jx6tm,GPU-bd65bd70-5a12-7002-a705-315758f75144,DCGM_FI_PROF_PCIE_TX_BYTES,nvidia-dcgm-exporter,nvidia7,gpu-metrics,7,192.241.129.18:9400,nvidia-dcgm-exporter,NVIDIA A100-SXM4-80GB,nvidia-gpu-operator,nvidia-dcgm-exporter-xq25l,openshift-monitoring/k8s,nvidia-dcgm-exporter,200381.0,caikit-runtime,fmaas-tuning,devstage-cais-bcbf7c8fb-pxhmp
2024-05-21 18:21:43.667999983,NVIDIA,6.16,G506.0210.00.03,2.0,1652523002864,92.00.45.00.05,535.104.05,12.535.104.05,fmaas-devstage-backen-9cjgj-worker-a100-il-rdma-3-jx6tm,GPU-bd65bd70-5a12-7002-a705-315758f75144,DCGM_FI_PROF_PCIE_TX_BYTES,nvidia-dcgm-exporter,nvidia7,gpu-metrics,7,192.241.129.18:9400,nvidia-dcgm-exporter,NVIDIA A100-SXM4-80GB,nvidia-gpu-operator,nvidia-dcgm-exporter-xq25l,openshift-monitoring/k8s,nvidia-dcgm-exporter,470796.0,caikit-runtime,fmaas-tuning,devstage-cais-bcbf7c8fb-pxhmp
2024-05-21 18:22:13.667999983,NVIDIA,6.16,G506.0210.00.03,2.0,1652523002864,92.00.45.00.05,535.104.05,12.535.104.05,fmaas-devstage-backen-9cjgj-worker-a100-il-rdma-3-jx6tm,GPU-bd65bd70-5a12-7002-a705-315758f75144,DCGM_FI_PROF_PCIE_TX_BYTES,nvidia-dcgm-exporter,nvidia7,gpu-metrics,7,192.241.129.18:9400,nvidia-dcgm-exporter,NVIDIA A100-SXM4-80GB,nvidia-gpu-operator,nvidia-dcgm-exporter-xq25l,openshift-monitoring/k8s,nvidia-dcgm-exporter,203583.0,caikit-runtime,fmaas-tuning,devstage-cais-bcbf7c8fb-pxhmp
2024-05-21 18:22:43.667999983,NVIDIA,6.16,G506.0210.00.03,2.0,1652523002864,92.00.45.00.05,535.104.05,12.535.104.05,fmaas-devstage-backen-9cjgj-worker-a100-il-rdma-3-jx6tm,GPU-bd65bd70-5a12-7002-a705-315758f75144,DCGM_FI_PROF_PCIE_TX_BYTES,nvidia-dcgm-exporter,nvidia7,gpu-metrics,7,192.241.129.18:9400,nvidia-dcgm-exporter,NVIDIA A100-SXM4-80GB,nvidia-gpu-operator,nvidia-dcgm-exporter-xq25l,openshift-monitoring/k8s,nvidia-dcgm-exporter,181086.0,caikit-runtime,fmaas-tuning,devstage-cais-bcbf7c8fb-pxhmp
2024-05-21 18:23:13.667999983,NVIDIA,6.16,G506.0210.00.03,2.0,1652523002864,92.00.45.00.05,535.104.05,12.535.104.05,fmaas-devstage-backen-9cjgj-worker-a100-il-rdma-3-jx6tm,GPU-bd65bd70-5a12-7002-a705-315758f75144,DCGM_FI_PROF_PCIE_TX_BYTES,nvidia-dcgm-exporter,nvidia7,gpu-metrics,7,192.241.129.18:9400,nvidia-dcgm-exporter,NVIDIA A100-SXM4-80GB,nvidia-gpu-operator,nvidia-dcgm-exporter-xq25l,openshift-monitoring/k8s,nvidia-dcgm-exporter,119124.0,caikit-runtime,fmaas-tuning,devstage-cais-bcbf7c8fb-pxhmp
2024-05-21 18:23:43.667999983,NVIDIA,6.16,G506.0210.00.03,2.0,1652523002864,92.00.45.00.05,535.104.05,12.535.104.05,fmaas-devstage-backen-9cjgj-worker-a100-il-rdma-3-jx6tm,GPU-bd65bd70-5a12-7002-a705-315758f75144,DCGM_FI_PROF_PCIE_TX_BYTES,nvidia-dcgm-exporter,nvidia7,gpu-metrics,7,192.241.129.18:9400,nvidia-dcgm-exporter,NVIDIA A100-SXM4-80GB,nvidia-gpu-operator,nvidia-dcgm-exporter-xq25l,openshift-monitoring/k8s,nvidia-dcgm-exporter,517018.0,caikit-runtime,fmaas-tuning,devstage-cais-bcbf7c8fb-pxhmp
2024-05-21 18:24:13.667999983,NVIDIA,6.16,G506.0210.00.03,2.0,1652523002864,92.00.45.00.05,535.104.05,12.535.104.05,fmaas-devstage-backen-9cjgj-worker-a100-il-rdma-3-jx6tm,GPU-bd65bd70-5a12-7002-a705-315758f75144,DCGM_FI_PROF_PCIE_TX_BYTES,nvidia-dcgm-exporter,nvidia7,gpu-metrics,7,192.241.129.18:9400,nvidia-dcgm-exporter,NVIDIA A100-SXM4-80GB,nvidia-gpu-operator,nvidia-dcgm-exporter-xq25l,openshift-monitoring/k8s,nvidia-dcgm-exporter,213325.0,caikit-runtime,fmaas-tuning,devstage-cais-bcbf7c8fb-pxhmp
2024-05-21 18:24:43.667999983,NVIDIA,6.16,G506.0210.00.03,2.0,1652523002864,92.00.45.00.05,535.104.05,12.535.104.05,fmaas-devstage-backen-9cjgj-worker-a100-il-rdma-3-jx6tm,GPU-bd65bd70-5a12-7002-a705-315758f75144,DCGM_FI_PROF_PCIE_TX_BYTES,nvidia-dcgm-exporter,nvidia7,gpu-metrics,7,192.241.129.18:9400,nvidia-dcgm-exporter,NVIDIA A100-SXM4-80GB,nvidia-gpu-operator,nvidia-dcgm-exporter-xq25l,openshift-monitoring/k8s,nvidia-dcgm-exporter,234345.0,caikit-runtime,fmaas-tuning,devstage-cais-bcbf7c8fb-pxhmp
2024-05-21 18:25:13.667999983,NVIDIA,6.16,G506.0210.00.03,2.0,1652523002864,92.00.45.00.05,535.104.05,12.535.104.05,fmaas-devstage-backen-9cjgj-worker-a100-il-rdma-3-jx6tm,GPU-bd65bd70-5a12-7002-a705-315758f75144,DCGM_FI_PROF_PCIE_TX_BYTES,nvidia-dcgm-exporter,nvidia7,gpu-metrics,7,192.241.129.18:9400,nvidia-dcgm-exporter,NVIDIA A100-SXM4-80GB,nvidia-gpu-operator,nvidia-dcgm-exporter-xq25l,openshift-monitoring/k8s,nvidia-dcgm-exporter,147077.0,caikit-runtime,fmaas-tuning,devstage-cais-bcbf7c8fb-pxhmp
2024-05-21 18:25:43.667999983,NVIDIA,6.16,G506.0210.00.03,2.0,1652523002864,92.00.45.00.05,535.104.05,12.535.104.05,fmaas-devstage-backen-9cjgj-worker-a100-il-rdma-3-jx6tm,GPU-bd65bd70-5a12-7002-a705-315758f75144,DCGM_FI_PROF_PCIE_TX_BYTES,nvidia-dcgm-exporter,nvidia7,gpu-metrics,7,192.241.129.18:9400,nvidia-dcgm-exporter,NVIDIA A100-SXM4-80GB,nvidia-gpu-operator,nvidia-dcgm-exporter-xq25l,openshift-monitoring/k8s,nvidia-dcgm-exporter,360365.0,caikit-runtime,fmaas-tuning,devstage-cais-bcbf7c8fb-pxhmp
2024-05-21 18:26:13.667999983,NVIDIA,6.16,G506.0210.00.03,2.0,1652523002864,92.00.45.00.05,535.104.05,12.535.104.05,fmaas-devstage-backen-9cjgj-worker-a100-il-rdma-3-jx6tm,GPU-bd65bd70-5a12-7002-a705-315758f75144,DCGM_FI_PROF_PCIE_TX_BYTES,nvidia-dcgm-exporter,nvidia7,gpu-metrics,7,192.241.129.18:9400,nvidia-dcgm-exporter,NVIDIA A100-SXM4-80GB,nvidia-gpu-operator,nvidia-dcgm-exporter-xq25l,openshift-monitoring/k8s,nvidia-dcgm-exporter,244116.0,caikit-runtime,fmaas-tuning,devstage-cais-bcbf7c8fb-pxhmp
2024-05-21 18:16:30.772000074,NVIDIA,6.16,G506.0210.00.03,2.0,1652523003950,92.00.45.00.05,535.104.05,12.535.104.05,fmaas-devstage-backen-9cjgj-worker-a100-il-rdma-3-jx6tm,GPU-ed198df6-90a8-c0bf-17bb-f1171d39c5dd,DCGM_FI_PROF_PCIE_TX_BYTES,nvidia-dcgm-exporter,nvidia1,gpu-metrics,1,192.241.129.18:9400,nvidia-dcgm-exporter,NVIDIA A100-SXM4-80GB,nvidia-gpu-operator,nvidia-dcgm-exporter-xq25l,openshift-monitoring/k8s,nvidia-dcgm-exporter,75050.0,,,
2024-05-21 18:16:43.667999983,NVIDIA,6.16,G506.0210.00.03,2.0,1652523003950,92.00.45.00.05,535.104.05,12.535.104.05,fmaas-devstage-backen-9cjgj-worker-a100-il-rdma-3-jx6tm,GPU-ed198df6-90a8-c0bf-17bb-f1171d39c5dd,DCGM_FI_PROF_PCIE_TX_BYTES,nvidia-dcgm-exporter,nvidia1,gpu-metrics,1,192.241.129.18:9400,nvidia-dcgm-exporter,NVIDIA A100-SXM4-80GB,nvidia-gpu-operator,nvidia-dcgm-exporter-xq25l,openshift-monitoring/k8s,nvidia-dcgm-exporter,55525.0,,,
2024-05-21 18:17:13.667999983,NVIDIA,6.16,G506.0210.00.03,2.0,1652523003950,92.00.45.00.05,535.104.05,12.535.104.05,fmaas-devstage-backen-9cjgj-worker-a100-il-rdma-3-jx6tm,GPU-ed198df6-90a8-c0bf-17bb-f1171d39c5dd,DCGM_FI_PROF_PCIE_TX_BYTES,nvidia-dcgm-exporter,nvidia1,gpu-metrics,1,192.241.129.18:9400,nvidia-dcgm-exporter,NVIDIA A100-SXM4-80GB,nvidia-gpu-operator,nvidia-dcgm-exporter-xq25l,openshift-monitoring/k8s,nvidia-dcgm-exporter,138260.0,,,
2024-05-21 18:17:43.667999983,NVIDIA,6.16,G506.0210.00.03,2.0,1652523003950,92.00.45.00.05,535.104.05,12.535.104.05,fmaas-devstage-backen-9cjgj-worker-a100-il-rdma-3-jx6tm,GPU-ed198df6-90a8-c0bf-17bb-f1171d39c5dd,DCGM_FI_PROF_PCIE_TX_BYTES,nvidia-dcgm-exporter,nvidia1,gpu-metrics,1,192.241.129.18:9400,nvidia-dcgm-exporter,NVIDIA A100-SXM4-80GB,nvidia-gpu-operator,nvidia-dcgm-exporter-xq25l,openshift-monitoring/k8s,nvidia-dcgm-exporter,91585.0,,,
2024-05-21 18:18:13.667999983,NVIDIA,6.16,G506.0210.00.03,2.0,1652523003950,92.00.45.00.05,535.104.05,12.535.104.05,fmaas-devstage-backen-9cjgj-worker-a100-il-rdma-3-jx6tm,GPU-ed198df6-90a8-c0bf-17bb-f1171d39c5dd,DCGM_FI_PROF_PCIE_TX_BYTES,nvidia-dcgm-exporter,nvidia1,gpu-metrics,1,192.241.129.18:9400,nvidia-dcgm-exporter,NVIDIA A100-SXM4-80GB,nvidia-gpu-operator,nvidia-dcgm-exporter-xq25l,openshift-monitoring/k8s,nvidia-dcgm-exporter,137950.0,,,
2024-05-21 18:18:43.667999983,NVIDIA,6.16,G506.0210.00.03,2.0,1652523003950,92.00.45.00.05,535.104.05,12.535.104.05,fmaas-devstage-backen-9cjgj-worker-a100-il-rdma-3-jx6tm,GPU-ed198df6-90a8-c0bf-17bb-f1171d39c5dd,DCGM_FI_PROF_PCIE_TX_BYTES,nvidia-dcgm-exporter,nvidia1,gpu-metrics,1,192.241.129.18:9400,nvidia-dcgm-exporter,NVIDIA A100-SXM4-80GB,nvidia-gpu-operator,nvidia-dcgm-exporter-xq25l,openshift-monitoring/k8s,nvidia-dcgm-exporter,56056.0,,,
2024-05-21 18:19:13.667999983,NVIDIA,6.16,G506.0210.00.03,2.0,1652523003950,92.00.45.00.05,535.104.05,12.535.104.05,fmaas-devstage-backen-9cjgj-worker-a100-il-rdma-3-jx6tm,GPU-ed198df6-90a8-c0bf-17bb-f1171d39c5dd,DCGM_FI_PROF_PCIE_TX_BYTES,nvidia-dcgm-exporter,nvidia1,gpu-metrics,1,192.241.129.18:9400,nvidia-dcgm-exporter,NVIDIA A100-SXM4-80GB,nvidia-gpu-operator,nvidia-dcgm-exporter-xq25l,openshift-monitoring/k8s,nvidia-dcgm-exporter,913096.0,,,
2024-05-21 18:19:43.667999983,NVIDIA,6.16,G506.0210.00.03,2.0,1652523003950,92.00.45.00.05,535.104.05,12.535.104.05,fmaas-devstage-backen-9cjgj-worker-a100-il-rdma-3-jx6tm,GPU-ed198df6-90a8-c0bf-17bb-f1171d39c5dd,DCGM_FI_PROF_PCIE_TX_BYTES,nvidia-dcgm-exporter,nvidia1,gpu-metrics,1,192.241.129.18:9400,nvidia-dcgm-exporter,NVIDIA A100-SXM4-80GB,nvidia-gpu-operator,nvidia-dcgm-exporter-xq25l,openshift-monitoring/k8s,nvidia-dcgm-exporter,321376.0,,,
2024-05-21 18:20:13.667999983,NVIDIA,6.16,G506.0210.00.03,2.0,1652523003950,92.00.45.00.05,535.104.05,12.535.104.05,fmaas-devstage-backen-9cjgj-worker-a100-il-rdma-3-jx6tm,GPU-ed198df6-90a8-c0bf-17bb-f1171d39c5dd,DCGM_FI_PROF_PCIE_TX_BYTES,nvidia-dcgm-exporter,nvidia1,gpu-metrics,1,192.241.129.18:9400,nvidia-dcgm-exporter,NVIDIA A100-SXM4-80GB,nvidia-gpu-operator,nvidia-dcgm-exporter-xq25l,openshift-monitoring/k8s,nvidia-dcgm-exporter,1176462.0,,,
2024-05-21 18:20:43.667999983,NVIDIA,6.16,G506.0210.00.03,2.0,1652523003950,92.00.45.00.05,535.104.05,12.535.104.05,fmaas-devstage-backen-9cjgj-worker-a100-il-rdma-3-jx6tm,GPU-ed198df6-90a8-c0bf-17bb-f1171d39c5dd,DCGM_FI_PROF_PCIE_TX_BYTES,nvidia-dcgm-exporter,nvidia1,gpu-metrics,1,192.241.129.18:9400,nvidia-dcgm-exporter,NVIDIA A100-SXM4-80GB,nvidia-gpu-operator,nvidia-dcgm-exporter-xq25l,openshift-monitoring/k8s,nvidia-dcgm-exporter,76854.0,,,
2024-05-21 18:21:13.667999983,NVIDIA,6.16,G506.0210.00.03,2.0,1652523003950,92.00.45.00.05,535.104.05,12.535.104.05,fmaas-devstage-backen-9cjgj-worker-a100-il-rdma-3-jx6tm,GPU-ed198df6-90a8-c0bf-17bb-f1171d39c5dd,DCGM_FI_PROF_PCIE_TX_BYTES,nvidia-dcgm-exporter,nvidia1,gpu-metrics,1,192.241.129.18:9400,nvidia-dcgm-exporter,NVIDIA A100-SXM4-80GB,nvidia-gpu-operator,nvidia-dcgm-exporter-xq25l,openshift-monitoring/k8s,nvidia-dcgm-exporter,138006.0,,,
2024-05-21 18:21:43.667999983,NVIDIA,6.16,G506.0210.00.03,2.0,1652523003950,92.00.45.00.05,535.104.05,12.535.104.05,fmaas-devstage-backen-9cjgj-worker-a100-il-rdma-3-jx6tm,GPU-ed198df6-90a8-c0bf-17bb-f1171d39c5dd,DCGM_FI_PROF_PCIE_TX_BYTES,nvidia-dcgm-exporter,nvidia1,gpu-metrics,1,192.241.129.18:9400,nvidia-dcgm-exporter,NVIDIA A100-SXM4-80GB,nvidia-gpu-operator,nvidia-dcgm-exporter-xq25l,openshift-monitoring/k8s,nvidia-dcgm-exporter,98000.0,,,
2024-05-21 18:22:13.667999983,NVIDIA,6.16,G506.0210.00.03,2.0,1652523003950,92.00.45.00.05,535.104.05,12.535.104.05,fmaas-devstage-backen-9cjgj-worker-a100-il-rdma-3-jx6tm,GPU-ed198df6-90a8-c0bf-17bb-f1171d39c5dd,DCGM_FI_PROF_PCIE_TX_BYTES,nvidia-dcgm-exporter,nvidia1,gpu-metrics,1,192.241.129.18:9400,nvidia-dcgm-exporter,NVIDIA A100-SXM4-80GB,nvidia-gpu-operator,nvidia-dcgm-exporter-xq25l,openshift-monitoring/k8s,nvidia-dcgm-exporter,64876.0,,,
2024-05-21 18:22:43.667999983,NVIDIA,6.16,G506.0210.00.03,2.0,1652523003950,92.00.45.00.05,535.104.05,12.535.104.05,fmaas-devstage-backen-9cjgj-worker-a100-il-rdma-3-jx6tm,GPU-ed198df6-90a8-c0bf-17bb-f1171d39c5dd,DCGM_FI_PROF_PCIE_TX_BYTES,nvidia-dcgm-exporter,nvidia1,gpu-metrics,1,192.241.129.18:9400,nvidia-dcgm-exporter,NVIDIA A100-SXM4-80GB,nvidia-gpu-operator,nvidia-dcgm-exporter-xq25l,openshift-monitoring/k8s,nvidia-dcgm-exporter,482402.0,,,
2024-05-21 18:23:13.667999983,NVIDIA,6.16,G506.0210.00.03,2.0,1652523003950,92.00.45.00.05,535.104.05,12.535.104.05,fmaas-devstage-backen-9cjgj-worker-a100-il-rdma-3-jx6tm,GPU-ed198df6-90a8-c0bf-17bb-f1171d39c5dd,DCGM_FI_PROF_PCIE_TX_BYTES,nvidia-dcgm-exporter,nvidia1,gpu-metrics,1,192.241.129.18:9400,nvidia-dcgm-exporter,NVIDIA A100-SXM4-80GB,nvidia-gpu-operator,nvidia-dcgm-exporter-xq25l,openshift-monitoring/k8s,nvidia-dcgm-exporter,305432.0,,,
2024-05-21 18:23:43.667999983,NVIDIA,6.16,G506.0210.00.03,2.0,1652523003950,92.00.45.00.05,535.104.05,12.535.104.05,fmaas-devstage-backen-9cjgj-worker-a100-il-rdma-3-jx6tm,GPU-ed198df6-90a8-c0bf-17bb-f1171d39c5dd,DCGM_FI_PROF_PCIE_TX_BYTES,nvidia-dcgm-exporter,nvidia1,gpu-metrics,1,192.241.129.18:9400,nvidia-dcgm-exporter,NVIDIA A100-SXM4-80GB,nvidia-gpu-operator,nvidia-dcgm-exporter-xq25l,openshift-monitoring/k8s,nvidia-dcgm-exporter,660041.0,,,
2024-05-21 18:24:13.667999983,NVIDIA,6.16,G506.0210.00.03,2.0,1652523003950,92.00.45.00.05,535.104.05,12.535.104.05,fmaas-devstage-backen-9cjgj-worker-a100-il-rdma-3-jx6tm,GPU-ed198df6-90a8-c0bf-17bb-f1171d39c5dd,DCGM_FI_PROF_PCIE_TX_BYTES,nvidia-dcgm-exporter,nvidia1,gpu-metrics,1,192.241.129.18:9400,nvidia-dcgm-exporter,NVIDIA A100-SXM4-80GB,nvidia-gpu-operator,nvidia-dcgm-exporter-xq25l,openshift-monitoring/k8s,nvidia-dcgm-exporter,446753.0,,,
2024-05-21 18:24:43.667999983,NVIDIA,6.16,G506.0210.00.03,2.0,1652523003950,92.00.45.00.05,535.104.05,12.535.104.05,fmaas-devstage-backen-9cjgj-worker-a100-il-rdma-3-jx6tm,GPU-ed198df6-90a8-c0bf-17bb-f1171d39c5dd,DCGM_FI_PROF_PCIE_TX_BYTES,nvidia-dcgm-exporter,nvidia1,gpu-metrics,1,192.241.129.18:9400,nvidia-dcgm-exporter,NVIDIA A100-SXM4-80GB,nvidia-gpu-operator,nvidia-dcgm-exporter-xq25l,openshift-monitoring/k8s,nvidia-dcgm-exporter,225152.0,,,
2024-05-21 18:25:13.667999983,NVIDIA,6.16,G506.0210.00.03,2.0,1652523003950,92.00.45.00.05,535.104.05,12.535.104.05,fmaas-devstage-backen-9cjgj-worker-a100-il-rdma-3-jx6tm,GPU-ed198df6-90a8-c0bf-17bb-f1171d39c5dd,DCGM_FI_PROF_PCIE_TX_BYTES,nvidia-dcgm-exporter,nvidia1,gpu-metrics,1,192.241.129.18:9400,nvidia-dcgm-exporter,NVIDIA A100-SXM4-80GB,nvidia-gpu-operator,nvidia-dcgm-exporter-xq25l,openshift-monitoring/k8s,nvidia-dcgm-exporter,149186.0,,,
2024-05-21 18:25:43.667999983,NVIDIA,6.16,G506.0210.00.03,2.0,1652523003950,92.00.45.00.05,535.104.05,12.535.104.05,fmaas-devstage-backen-9cjgj-worker-a100-il-rdma-3-jx6tm,GPU-ed198df6-90a8-c0bf-17bb-f1171d39c5dd,DCGM_FI_PROF_PCIE_TX_BYTES,nvidia-dcgm-exporter,nvidia1,gpu-metrics,1,192.241.129.18:9400,nvidia-dcgm-exporter,NVIDIA A100-SXM4-80GB,nvidia-gpu-operator,nvidia-dcgm-exporter-xq25l,openshift-monitoring/k8s,nvidia-dcgm-exporter,265500.0,,,
2024-05-21 18:26:13.667999983,NVIDIA,6.16,G506.0210.00.03,2.0,1652523003950,92.00.45.00.05,535.104.05,12.535.104.05,fmaas-devstage-backen-9cjgj-worker-a100-il-rdma-3-jx6tm,GPU-ed198df6-90a8-c0bf-17bb-f1171d39c5dd,DCGM_FI_PROF_PCIE_TX_BYTES,nvidia-dcgm-exporter,nvidia1,gpu-metrics,1,192.241.129.18:9400,nvidia-dcgm-exporter,NVIDIA A100-SXM4-80GB,nvidia-gpu-operator,nvidia-dcgm-exporter-xq25l,openshift-monitoring/k8s,nvidia-dcgm-exporter,97780.0,,,
2024-05-21 18:16:30.772000074,NVIDIA,6.16,G506.0210.00.03,2.0,1652523003996,92.00.45.00.05,535.104.05,12.535.104.05,fmaas-devstage-backen-9cjgj-worker-a100-il-rdma-3-jx6tm,GPU-f94e20f3-b883-1dc9-1c93-9769594edc6a,DCGM_FI_PROF_PCIE_TX_BYTES,nvidia-dcgm-exporter,nvidia2,gpu-metrics,2,192.241.129.18:9400,nvidia-dcgm-exporter,NVIDIA A100-SXM4-80GB,nvidia-gpu-operator,nvidia-dcgm-exporter-xq25l,openshift-monitoring/k8s,nvidia-dcgm-exporter,13564709.0,base,fmaas-monitoring,llama3
2024-05-21 18:16:43.667999983,NVIDIA,6.16,G506.0210.00.03,2.0,1652523003996,92.00.45.00.05,535.104.05,12.535.104.05,fmaas-devstage-backen-9cjgj-worker-a100-il-rdma-3-jx6tm,GPU-f94e20f3-b883-1dc9-1c93-9769594edc6a,DCGM_FI_PROF_PCIE_TX_BYTES,nvidia-dcgm-exporter,nvidia2,gpu-metrics,2,192.241.129.18:9400,nvidia-dcgm-exporter,NVIDIA A100-SXM4-80GB,nvidia-gpu-operator,nvidia-dcgm-exporter-xq25l,openshift-monitoring/k8s,nvidia-dcgm-exporter,8428936.0,base,fmaas-monitoring,llama3
2024-05-21 18:17:13.667999983,NVIDIA,6.16,G506.0210.00.03,2.0,1652523003996,92.00.45.00.05,535.104.05,12.535.104.05,fmaas-devstage-backen-9cjgj-worker-a100-il-rdma-3-jx6tm,GPU-f94e20f3-b883-1dc9-1c93-9769594edc6a,DCGM_FI_PROF_PCIE_TX_BYTES,nvidia-dcgm-exporter,nvidia2,gpu-metrics,2,192.241.129.18:9400,nvidia-dcgm-exporter,NVIDIA A100-SXM4-80GB,nvidia-gpu-operator,nvidia-dcgm-exporter-xq25l,openshift-monitoring/k8s,nvidia-dcgm-exporter,7520737.0,base,fmaas-monitoring,llama3
2024-05-21 18:17:43.667999983,NVIDIA,6.16,G506.0210.00.03,2.0,1652523003996,92.00.45.00.05,535.104.05,12.535.104.05,fmaas-devstage-backen-9cjgj-worker-a100-il-rdma-3-jx6tm,GPU-f94e20f3-b883-1dc9-1c93-9769594edc6a,DCGM_FI_PROF_PCIE_TX_BYTES,nvidia-dcgm-exporter,nvidia2,gpu-metrics,2,192.241.129.18:9400,nvidia-dcgm-exporter,NVIDIA A100-SXM4-80GB,nvidia-gpu-operator,nvidia-dcgm-exporter-xq25l,openshift-monitoring/k8s,nvidia-dcgm-exporter,7241452.0,base,fmaas-monitoring,llama3
2024-05-21 18:18:13.667999983,NVIDIA,6.16,G506.0210.00.03,2.0,1652523003996,92.00.45.00.05,535.104.05,12.535.104.05,fmaas-devstage-backen-9cjgj-worker-a100-il-rdma-3-jx6tm,GPU-f94e20f3-b883-1dc9-1c93-9769594edc6a,DCGM_FI_PROF_PCIE_TX_BYTES,nvidia-dcgm-exporter,nvidia2,gpu-metrics,2,192.241.129.18:9400,nvidia-dcgm-exporter,NVIDIA A100-SXM4-80GB,nvidia-gpu-operator,nvidia-dcgm-exporter-xq25l,openshift-monitoring/k8s,nvidia-dcgm-exporter,6895328.0,base,fmaas-monitoring,llama3
2024-05-21 18:18:43.667999983,NVIDIA,6.16,G506.0210.00.03,2.0,1652523003996,92.00.45.00.05,535.104.05,12.535.104.05,fmaas-devstage-backen-9cjgj-worker-a100-il-rdma-3-jx6tm,GPU-f94e20f3-b883-1dc9-1c93-9769594edc6a,DCGM_FI_PROF_PCIE_TX_BYTES,nvidia-dcgm-exporter,nvidia2,gpu-metrics,2,192.241.129.18:9400,nvidia-dcgm-exporter,NVIDIA A100-SXM4-80GB,nvidia-gpu-operator,nvidia-dcgm-exporter-xq25l,openshift-monitoring/k8s,nvidia-dcgm-exporter,6994754.0,base,fmaas-monitoring,llama3
2024-05-21 18:19:13.667999983,NVIDIA,6.16,G506.0210.00.03,2.0,1652523003996,92.00.45.00.05,535.104.05,12.535.104.05,fmaas-devstage-backen-9cjgj-worker-a100-il-rdma-3-jx6tm,GPU-f94e20f3-b883-1dc9-1c93-9769594edc6a,DCGM_FI_PROF_PCIE_TX_BYTES,nvidia-dcgm-exporter,nvidia2,gpu-metrics,2,192.241.129.18:9400,nvidia-dcgm-exporter,NVIDIA A100-SXM4-80GB,nvidia-gpu-operator,nvidia-dcgm-exporter-xq25l,openshift-monitoring/k8s,nvidia-dcgm-exporter,7560019.0,base,fmaas-monitoring,llama3
2024-05-21 18:19:43.667999983,NVIDIA,6.16,G506.0210.00.03,2.0,1652523003996,92.00.45.00.05,535.104.05,12.535.104.05,fmaas-devstage-backen-9cjgj-worker-a100-il-rdma-3-jx6tm,GPU-f94e20f3-b883-1dc9-1c93-9769594edc6a,DCGM_FI_PROF_PCIE_TX_BYTES,nvidia-dcgm-exporter,nvidia2,gpu-metrics,2,192.241.129.18:9400,nvidia-dcgm-exporter,NVIDIA A100-SXM4-80GB,nvidia-gpu-operator,nvidia-dcgm-exporter-xq25l,openshift-monitoring/k8s,nvidia-dcgm-exporter,7333001.0,base,fmaas-monitoring,llama3
2024-05-21 18:20:13.667999983,NVIDIA,6.16,G506.0210.00.03,2.0,1652523003996,92.00.45.00.05,535.104.05,12.535.104.05,fmaas-devstage-backen-9cjgj-worker-a100-il-rdma-3-jx6tm,GPU-f94e20f3-b883-1dc9-1c93-9769594edc6a,DCGM_FI_PROF_PCIE_TX_BYTES,nvidia-dcgm-exporter,nvidia2,gpu-metrics,2,192.241.129.18:9400,nvidia-dcgm-exporter,NVIDIA A100-SXM4-80GB,nvidia-gpu-operator,nvidia-dcgm-exporter-xq25l,openshift-monitoring/k8s,nvidia-dcgm-exporter,8167699.0,base,fmaas-monitoring,llama3
2024-05-21 18:20:43.667999983,NVIDIA,6.16,G506.0210.00.03,2.0,1652523003996,92.00.45.00.05,535.104.05,12.535.104.05,fmaas-devstage-backen-9cjgj-worker-a100-il-rdma-3-jx6tm,GPU-f94e20f3-b883-1dc9-1c93-9769594edc6a,DCGM_FI_PROF_PCIE_TX_BYTES,nvidia-dcgm-exporter,nvidia2,gpu-metrics,2,192.241.129.18:9400,nvidia-dcgm-exporter,NVIDIA A100-SXM4-80GB,nvidia-gpu-operator,nvidia-dcgm-exporter-xq25l,openshift-monitoring/k8s,nvidia-dcgm-exporter,6812382.0,base,fmaas-monitoring,llama3
2024-05-21 18:21:13.667999983,NVIDIA,6.16,G506.0210.00.03,2.0,1652523003996,92.00.45.00.05,535.104.05,12.535.104.05,fmaas-devstage-backen-9cjgj-worker-a100-il-rdma-3-jx6tm,GPU-f94e20f3-b883-1dc9-1c93-9769594edc6a,DCGM_FI_PROF_PCIE_TX_BYTES,nvidia-dcgm-exporter,nvidia2,gpu-metrics,2,192.241.129.18:9400,nvidia-dcgm-exporter,NVIDIA A100-SXM4-80GB,nvidia-gpu-operator,nvidia-dcgm-exporter-xq25l,openshift-monitoring/k8s,nvidia-dcgm-exporter,6898275.0,base,fmaas-monitoring,llama3
2024-05-21 18:21:43.667999983,NVIDIA,6.16,G506.0210.00.03,2.0,1652523003996,92.00.45.00.05,535.104.05,12.535.104.05,fmaas-devstage-backen-9cjgj-worker-a100-il-rdma-3-jx6tm,GPU-f94e20f3-b883-1dc9-1c93-9769594edc6a,DCGM_FI_PROF_PCIE_TX_BYTES,nvidia-dcgm-exporter,nvidia2,gpu-metrics,2,192.241.129.18:9400,nvidia-dcgm-exporter,NVIDIA A100-SXM4-80GB,nvidia-gpu-operator,nvidia-dcgm-exporter-xq25l,openshift-monitoring/k8s,nvidia-dcgm-exporter,7247361.0,base,fmaas-monitoring,llama3
2024-05-21 18:22:13.667999983,NVIDIA,6.16,G506.0210.00.03,2.0,1652523003996,92.00.45.00.05,535.104.05,12.535.104.05,fmaas-devstage-backen-9cjgj-worker-a100-il-rdma-3-jx6tm,GPU-f94e20f3-b883-1dc9-1c93-9769594edc6a,DCGM_FI_PROF_PCIE_TX_BYTES,nvidia-dcgm-exporter,nvidia2,gpu-metrics,2,192.241.129.18:9400,nvidia-dcgm-exporter,NVIDIA A100-SXM4-80GB,nvidia-gpu-operator,nvidia-dcgm-exporter-xq25l,openshift-monitoring/k8s,nvidia-dcgm-exporter,6865656.0,base,fmaas-monitoring,llama3
2024-05-21 18:22:43.667999983,NVIDIA,6.16,G506.0210.00.03,2.0,1652523003996,92.00.45.00.05,535.104.05,12.535.104.05,fmaas-devstage-backen-9cjgj-worker-a100-il-rdma-3-jx6tm,GPU-f94e20f3-b883-1dc9-1c93-9769594edc6a,DCGM_FI_PROF_PCIE_TX_BYTES,nvidia-dcgm-exporter,nvidia2,gpu-metrics,2,192.241.129.18:9400,nvidia-dcgm-exporter,NVIDIA A100-SXM4-80GB,nvidia-gpu-operator,nvidia-dcgm-exporter-xq25l,openshift-monitoring/k8s,nvidia-dcgm-exporter,6733994.0,base,fmaas-monitoring,llama3
2024-05-21 18:23:13.667999983,NVIDIA,6.16,G506.0210.00.03,2.0,1652523003996,92.00.45.00.05,535.104.05,12.535.104.05,fmaas-devstage-backen-9cjgj-worker-a100-il-rdma-3-jx6tm,GPU-f94e20f3-b883-1dc9-1c93-9769594edc6a,DCGM_FI_PROF_PCIE_TX_BYTES,nvidia-dcgm-exporter,nvidia2,gpu-metrics,2,192.241.129.18:9400,nvidia-dcgm-exporter,NVIDIA A100-SXM4-80GB,nvidia-gpu-operator,nvidia-dcgm-exporter-xq25l,openshift-monitoring/k8s,nvidia-dcgm-exporter,7650666.0,base,fmaas-monitoring,llama3
2024-05-21 18:23:43.667999983,NVIDIA,6.16,G506.0210.00.03,2.0,1652523003996,92.00.45.00.05,535.104.05,12.535.104.05,fmaas-devstage-backen-9cjgj-worker-a100-il-rdma-3-jx6tm,GPU-f94e20f3-b883-1dc9-1c93-9769594edc6a,DCGM_FI_PROF_PCIE_TX_BYTES,nvidia-dcgm-exporter,nvidia2,gpu-metrics,2,192.241.129.18:9400,nvidia-dcgm-exporter,NVIDIA A100-SXM4-80GB,nvidia-gpu-operator,nvidia-dcgm-exporter-xq25l,openshift-monitoring/k8s,nvidia-dcgm-exporter,7590145.0,base,fmaas-monitoring,llama3
2024-05-21 18:24:13.667999983,NVIDIA,6.16,G506.0210.00.03,2.0,1652523003996,92.00.45.00.05,535.104.05,12.535.104.05,fmaas-devstage-backen-9cjgj-worker-a100-il-rdma-3-jx6tm,GPU-f94e20f3-b883-1dc9-1c93-9769594edc6a,DCGM_FI_PROF_PCIE_TX_BYTES,nvidia-dcgm-exporter,nvidia2,gpu-metrics,2,192.241.129.18:9400,nvidia-dcgm-exporter,NVIDIA A100-SXM4-80GB,nvidia-gpu-operator,nvidia-dcgm-exporter-xq25l,openshift-monitoring/k8s,nvidia-dcgm-exporter,6812226.0,base,fmaas-monitoring,llama3
2024-05-21 18:24:43.667999983,NVIDIA,6.16,G506.0210.00.03,2.0,1652523003996,92.00.45.00.05,535.104.05,12.535.104.05,fmaas-devstage-backen-9cjgj-worker-a100-il-rdma-3-jx6tm,GPU-f94e20f3-b883-1dc9-1c93-9769594edc6a,DCGM_FI_PROF_PCIE_TX_BYTES,nvidia-dcgm-exporter,nvidia2,gpu-metrics,2,192.241.129.18:9400,nvidia-dcgm-exporter,NVIDIA A100-SXM4-80GB,nvidia-gpu-operator,nvidia-dcgm-exporter-xq25l,openshift-monitoring/k8s,nvidia-dcgm-exporter,6804465.0,base,fmaas-monitoring,llama3
2024-05-21 18:25:13.667999983,NVIDIA,6.16,G506.0210.00.03,2.0,1652523003996,92.00.45.00.05,535.104.05,12.535.104.05,fmaas-devstage-backen-9cjgj-worker-a100-il-rdma-3-jx6tm,GPU-f94e20f3-b883-1dc9-1c93-9769594edc6a,DCGM_FI_PROF_PCIE_TX_BYTES,nvidia-dcgm-exporter,nvidia2,gpu-metrics,2,192.241.129.18:9400,nvidia-dcgm-exporter,NVIDIA A100-SXM4-80GB,nvidia-gpu-operator,nvidia-dcgm-exporter-xq25l,openshift-monitoring/k8s,nvidia-dcgm-exporter,6776521.0,base,fmaas-monitoring,llama3
2024-05-21 18:25:43.667999983,NVIDIA,6.16,G506.0210.00.03,2.0,1652523003996,92.00.45.00.05,535.104.05,12.535.104.05,fmaas-devstage-backen-9cjgj-worker-a100-il-rdma-3-jx6tm,GPU-f94e20f3-b883-1dc9-1c93-9769594edc6a,DCGM_FI_PROF_PCIE_TX_BYTES,nvidia-dcgm-exporter,nvidia2,gpu-metrics,2,192.241.129.18:9400,nvidia-dcgm-exporter,NVIDIA A100-SXM4-80GB,nvidia-gpu-operator,nvidia-dcgm-exporter-xq25l,openshift-monitoring/k8s,nvidia-dcgm-exporter,7060610.0,base,fmaas-monitoring,llama3
2024-05-21 18:26:13.667999983,NVIDIA,6.16,G506.0210.00.03,2.0,1652523003996,92.00.45.00.05,535.104.05,12.535.104.05,fmaas-devstage-backen-9cjgj-worker-a100-il-rdma-3-jx6tm,GPU-f94e20f3-b883-1dc9-1c93-9769594edc6a,DCGM_FI_PROF_PCIE_TX_BYTES,nvidia-dcgm-exporter,nvidia2,gpu-metrics,2,192.241.129.18:9400,nvidia-dcgm-exporter,NVIDIA A100-SXM4-80GB,nvidia-gpu-operator,nvidia-dcgm-exporter-xq25l,openshift-monitoring/k8s,nvidia-dcgm-exporter,6794064.0,base,fmaas-monitoring,llama3
2024-05-21 18:16:30.772000074,NVIDIA,6.16,G506.0210.00.03,2.0,1652523004560,92.00.45.00.05,535.104.05,12.535.104.05,fmaas-devstage-backen-9cjgj-worker-a100-il-rdma-3-jx6tm,GPU-fae4890e-cca3-f53f-3743-ba11e6e50022,DCGM_FI_PROF_PCIE_TX_BYTES,nvidia-dcgm-exporter,nvidia3,gpu-metrics,3,192.241.129.18:9400,nvidia-dcgm-exporter,NVIDIA A100-SXM4-80GB,nvidia-gpu-operator,nvidia-dcgm-exporter-xq25l,openshift-monitoring/k8s,nvidia-dcgm-exporter,145121.0,caikit-runtime,fmaas-tuning,devstage-cais-6957b8dfd7-pspvr
2024-05-21 18:16:43.667999983,NVIDIA,6.16,G506.0210.00.03,2.0,1652523004560,92.00.45.00.05,535.104.05,12.535.104.05,fmaas-devstage-backen-9cjgj-worker-a100-il-rdma-3-jx6tm,GPU-fae4890e-cca3-f53f-3743-ba11e6e50022,DCGM_FI_PROF_PCIE_TX_BYTES,nvidia-dcgm-exporter,nvidia3,gpu-metrics,3,192.241.129.18:9400,nvidia-dcgm-exporter,NVIDIA A100-SXM4-80GB,nvidia-gpu-operator,nvidia-dcgm-exporter-xq25l,openshift-monitoring/k8s,nvidia-dcgm-exporter,86817.0,caikit-runtime,fmaas-tuning,devstage-cais-6957b8dfd7-pspvr
2024-05-21 18:17:13.667999983,NVIDIA,6.16,G506.0210.00.03,2.0,1652523004560,92.00.45.00.05,535.104.05,12.535.104.05,fmaas-devstage-backen-9cjgj-worker-a100-il-rdma-3-jx6tm,GPU-fae4890e-cca3-f53f-3743-ba11e6e50022,DCGM_FI_PROF_PCIE_TX_BYTES,nvidia-dcgm-exporter,nvidia3,gpu-metrics,3,192.241.129.18:9400,nvidia-dcgm-exporter,NVIDIA A100-SXM4-80GB,nvidia-gpu-operator,nvidia-dcgm-exporter-xq25l,openshift-monitoring/k8s,nvidia-dcgm-exporter,684955.0,caikit-runtime,fmaas-tuning,devstage-cais-6957b8dfd7-pspvr
2024-05-21 18:17:43.667999983,NVIDIA,6.16,G506.0210.00.03,2.0,1652523004560,92.00.45.00.05,535.104.05,12.535.104.05,fmaas-devstage-backen-9cjgj-worker-a100-il-rdma-3-jx6tm,GPU-fae4890e-cca3-f53f-3743-ba11e6e50022,DCGM_FI_PROF_PCIE_TX_BYTES,nvidia-dcgm-exporter,nvidia3,gpu-metrics,3,192.241.129.18:9400,nvidia-dcgm-exporter,NVIDIA A100-SXM4-80GB,nvidia-gpu-operator,nvidia-dcgm-exporter-xq25l,openshift-monitoring/k8s,nvidia-dcgm-exporter,288874.0,caikit-runtime,fmaas-tuning,devstage-cais-6957b8dfd7-pspvr
2024-05-21 18:18:13.667999983,NVIDIA,6.16,G506.0210.00.03,2.0,1652523004560,92.00.45.00.05,535.104.05,12.535.104.05,fmaas-devstage-backen-9cjgj-worker-a100-il-rdma-3-jx6tm,GPU-fae4890e-cca3-f53f-3743-ba11e6e50022,DCGM_FI_PROF_PCIE_TX_BYTES,nvidia-dcgm-exporter,nvidia3,gpu-metrics,3,192.241.129.18:9400,nvidia-dcgm-exporter,NVIDIA A100-SXM4-80GB,nvidia-gpu-operator,nvidia-dcgm-exporter-xq25l,openshift-monitoring/k8s,nvidia-dcgm-exporter,289698.0,caikit-runtime,fmaas-tuning,devstage-cais-6957b8dfd7-pspvr
2024-05-21 18:18:43.667999983,NVIDIA,6.16,G506.0210.00.03,2.0,1652523004560,92.00.45.00.05,535.104.05,12.535.104.05,fmaas-devstage-backen-9cjgj-worker-a100-il-rdma-3-jx6tm,GPU-fae4890e-cca3-f53f-3743-ba11e6e50022,DCGM_FI_PROF_PCIE_TX_BYTES,nvidia-dcgm-exporter,nvidia3,gpu-metrics,3,192.241.129.18:9400,nvidia-dcgm-exporter,NVIDIA A100-SXM4-80GB,nvidia-gpu-operator,nvidia-dcgm-exporter-xq25l,openshift-monitoring/k8s,nvidia-dcgm-exporter,139671.0,caikit-runtime,fmaas-tuning,devstage-cais-6957b8dfd7-pspvr
2024-05-21 18:19:13.667999983,NVIDIA,6.16,G506.0210.00.03,2.0,1652523004560,92.00.45.00.05,535.104.05,12.535.104.05,fmaas-devstage-backen-9cjgj-worker-a100-il-rdma-3-jx6tm,GPU-fae4890e-cca3-f53f-3743-ba11e6e50022,DCGM_FI_PROF_PCIE_TX_BYTES,nvidia-dcgm-exporter,nvidia3,gpu-metrics,3,192.241.129.18:9400,nvidia-dcgm-exporter,NVIDIA A100-SXM4-80GB,nvidia-gpu-operator,nvidia-dcgm-exporter-xq25l,openshift-monitoring/k8s,nvidia-dcgm-exporter,944253.0,caikit-runtime,fmaas-tuning,devstage-cais-6957b8dfd7-pspvr
2024-05-21 18:19:43.667999983,NVIDIA,6.16,G506.0210.00.03,2.0,1652523004560,92.00.45.00.05,535.104.05,12.535.104.05,fmaas-devstage-backen-9cjgj-worker-a100-il-rdma-3-jx6tm,GPU-fae4890e-cca3-f53f-3743-ba11e6e50022,DCGM_FI_PROF_PCIE_TX_BYTES,nvidia-dcgm-exporter,nvidia3,gpu-metrics,3,192.241.129.18:9400,nvidia-dcgm-exporter,NVIDIA A100-SXM4-80GB,nvidia-gpu-operator,nvidia-dcgm-exporter-xq25l,openshift-monitoring/k8s,nvidia-dcgm-exporter,320636.0,caikit-runtime,fmaas-tuning,devstage-cais-6957b8dfd7-pspvr
2024-05-21 18:20:13.667999983,NVIDIA,6.16,G506.0210.00.03,2.0,1652523004560,92.00.45.00.05,535.104.05,12.535.104.05,fmaas-devstage-backen-9cjgj-worker-a100-il-rdma-3-jx6tm,GPU-fae4890e-cca3-f53f-3743-ba11e6e50022,DCGM_FI_PROF_PCIE_TX_BYTES,nvidia-dcgm-exporter,nvidia3,gpu-metrics,3,192.241.129.18:9400,nvidia-dcgm-exporter,NVIDIA A100-SXM4-80GB,nvidia-gpu-operator,nvidia-dcgm-exporter-xq25l,openshift-monitoring/k8s,nvidia-dcgm-exporter,1340063.0,caikit-runtime,fmaas-tuning,devstage-cais-6957b8dfd7-pspvr
2024-05-21 18:20:43.667999983,NVIDIA,6.16,G506.0210.00.03,2.0,1652523004560,92.00.45.00.05,535.104.05,12.535.104.05,fmaas-devstage-backen-9cjgj-worker-a100-il-rdma-3-jx6tm,GPU-fae4890e-cca3-f53f-3743-ba11e6e50022,DCGM_FI_PROF_PCIE_TX_BYTES,nvidia-dcgm-exporter,nvidia3,gpu-metrics,3,192.241.129.18:9400,nvidia-dcgm-exporter,NVIDIA A100-SXM4-80GB,nvidia-gpu-operator,nvidia-dcgm-exporter-xq25l,openshift-monitoring/k8s,nvidia-dcgm-exporter,145419.0,caikit-runtime,fmaas-tuning,devstage-cais-6957b8dfd7-pspvr
2024-05-21 18:21:13.667999983,NVIDIA,6.16,G506.0210.00.03,2.0,1652523004560,92.00.45.00.05,535.104.05,12.535.104.05,fmaas-devstage-backen-9cjgj-worker-a100-il-rdma-3-jx6tm,GPU-fae4890e-cca3-f53f-3743-ba11e6e50022,DCGM_FI_PROF_PCIE_TX_BYTES,nvidia-dcgm-exporter,nvidia3,gpu-metrics,3,192.241.129.18:9400,nvidia-dcgm-exporter,NVIDIA A100-SXM4-80GB,nvidia-gpu-operator,nvidia-dcgm-exporter-xq25l,openshift-monitoring/k8s,nvidia-dcgm-exporter,85792.0,caikit-runtime,fmaas-tuning,devstage-cais-6957b8dfd7-pspvr
2024-05-21 18:21:43.667999983,NVIDIA,6.16,G506.0210.00.03,2.0,1652523004560,92.00.45.00.05,535.104.05,12.535.104.05,fmaas-devstage-backen-9cjgj-worker-a100-il-rdma-3-jx6tm,GPU-fae4890e-cca3-f53f-3743-ba11e6e50022,DCGM_FI_PROF_PCIE_TX_BYTES,nvidia-dcgm-exporter,nvidia3,gpu-metrics,3,192.241.129.18:9400,nvidia-dcgm-exporter,NVIDIA A100-SXM4-80GB,nvidia-gpu-operator,nvidia-dcgm-exporter-xq25l,openshift-monitoring/k8s,nvidia-dcgm-exporter,706575.0,caikit-runtime,fmaas-tuning,devstage-cais-6957b8dfd7-pspvr
2024-05-21 18:22:13.667999983,NVIDIA,6.16,G506.0210.00.03,2.0,1652523004560,92.00.45.00.05,535.104.05,12.535.104.05,fmaas-devstage-backen-9cjgj-worker-a100-il-rdma-3-jx6tm,GPU-fae4890e-cca3-f53f-3743-ba11e6e50022,DCGM_FI_PROF_PCIE_TX_BYTES,nvidia-dcgm-exporter,nvidia3,gpu-metrics,3,192.241.129.18:9400,nvidia-dcgm-exporter,NVIDIA A100-SXM4-80GB,nvidia-gpu-operator,nvidia-dcgm-exporter-xq25l,openshift-monitoring/k8s,nvidia-dcgm-exporter,304833.0,caikit-runtime,fmaas-tuning,devstage-cais-6957b8dfd7-pspvr
2024-05-21 18:22:43.667999983,NVIDIA,6.16,G506.0210.00.03,2.0,1652523004560,92.00.45.00.05,535.104.05,12.535.104.05,fmaas-devstage-backen-9cjgj-worker-a100-il-rdma-3-jx6tm,GPU-fae4890e-cca3-f53f-3743-ba11e6e50022,DCGM_FI_PROF_PCIE_TX_BYTES,nvidia-dcgm-exporter,nvidia3,gpu-metrics,3,192.241.129.18:9400,nvidia-dcgm-exporter,NVIDIA A100-SXM4-80GB,nvidia-gpu-operator,nvidia-dcgm-exporter-xq25l,openshift-monitoring/k8s,nvidia-dcgm-exporter,65434.0,caikit-runtime,fmaas-tuning,devstage-cais-6957b8dfd7-pspvr
2024-05-21 18:23:13.667999983,NVIDIA,6.16,G506.0210.00.03,2.0,1652523004560,92.00.45.00.05,535.104.05,12.535.104.05,fmaas-devstage-backen-9cjgj-worker-a100-il-rdma-3-jx6tm,GPU-fae4890e-cca3-f53f-3743-ba11e6e50022,DCGM_FI_PROF_PCIE_TX_BYTES,nvidia-dcgm-exporter,nvidia3,gpu-metrics,3,192.241.129.18:9400,nvidia-dcgm-exporter,NVIDIA A100-SXM4-80GB,nvidia-gpu-operator,nvidia-dcgm-exporter-xq25l,openshift-monitoring/k8s,nvidia-dcgm-exporter,60405.0,caikit-runtime,fmaas-tuning,devstage-cais-6957b8dfd7-pspvr
2024-05-21 18:23:43.667999983,NVIDIA,6.16,G506.0210.00.03,2.0,1652523004560,92.00.45.00.05,535.104.05,12.535.104.05,fmaas-devstage-backen-9cjgj-worker-a100-il-rdma-3-jx6tm,GPU-fae4890e-cca3-f53f-3743-ba11e6e50022,DCGM_FI_PROF_PCIE_TX_BYTES,nvidia-dcgm-exporter,nvidia3,gpu-metrics,3,192.241.129.18:9400,nvidia-dcgm-exporter,NVIDIA A100-SXM4-80GB,nvidia-gpu-operator,nvidia-dcgm-exporter-xq25l,openshift-monitoring/k8s,nvidia-dcgm-exporter,699437.0,caikit-runtime,fmaas-tuning,devstage-cais-6957b8dfd7-pspvr
2024-05-21 18:24:13.667999983,NVIDIA,6.16,G506.0210.00.03,2.0,1652523004560,92.00.45.00.05,535.104.05,12.535.104.05,fmaas-devstage-backen-9cjgj-worker-a100-il-rdma-3-jx6tm,GPU-fae4890e-cca3-f53f-3743-ba11e6e50022,DCGM_FI_PROF_PCIE_TX_BYTES,nvidia-dcgm-exporter,nvidia3,gpu-metrics,3,192.241.129.18:9400,nvidia-dcgm-exporter,NVIDIA A100-SXM4-80GB,nvidia-gpu-operator,nvidia-dcgm-exporter-xq25l,openshift-monitoring/k8s,nvidia-dcgm-exporter,293244.0,caikit-runtime,fmaas-tuning,devstage-cais-6957b8dfd7-pspvr
2024-05-21 18:24:43.667999983,NVIDIA,6.16,G506.0210.00.03,2.0,1652523004560,92.00.45.00.05,535.104.05,12.535.104.05,fmaas-devstage-backen-9cjgj-worker-a100-il-rdma-3-jx6tm,GPU-fae4890e-cca3-f53f-3743-ba11e6e50022,DCGM_FI_PROF_PCIE_TX_BYTES,nvidia-dcgm-exporter,nvidia3,gpu-metrics,3,192.241.129.18:9400,nvidia-dcgm-exporter,NVIDIA A100-SXM4-80GB,nvidia-gpu-operator,nvidia-dcgm-exporter-xq25l,openshift-monitoring/k8s,nvidia-dcgm-exporter,256502.0,caikit-runtime,fmaas-tuning,devstage-cais-6957b8dfd7-pspvr
2024-05-21 18:25:13.667999983,NVIDIA,6.16,G506.0210.00.03,2.0,1652523004560,92.00.45.00.05,535.104.05,12.535.104.05,fmaas-devstage-backen-9cjgj-worker-a100-il-rdma-3-jx6tm,GPU-fae4890e-cca3-f53f-3743-ba11e6e50022,DCGM_FI_PROF_PCIE_TX_BYTES,nvidia-dcgm-exporter,nvidia3,gpu-metrics,3,192.241.129.18:9400,nvidia-dcgm-exporter,NVIDIA A100-SXM4-80GB,nvidia-gpu-operator,nvidia-dcgm-exporter-xq25l,openshift-monitoring/k8s,nvidia-dcgm-exporter,138155.0,caikit-runtime,fmaas-tuning,devstage-cais-6957b8dfd7-pspvr
2024-05-21 18:25:43.667999983,NVIDIA,6.16,G506.0210.00.03,2.0,1652523004560,92.00.45.00.05,535.104.05,12.535.104.05,fmaas-devstage-backen-9cjgj-worker-a100-il-rdma-3-jx6tm,GPU-fae4890e-cca3-f53f-3743-ba11e6e50022,DCGM_FI_PROF_PCIE_TX_BYTES,nvidia-dcgm-exporter,nvidia3,gpu-metrics,3,192.241.129.18:9400,nvidia-dcgm-exporter,NVIDIA A100-SXM4-80GB,nvidia-gpu-operator,nvidia-dcgm-exporter-xq25l,openshift-monitoring/k8s,nvidia-dcgm-exporter,597362.0,caikit-runtime,fmaas-tuning,devstage-cais-6957b8dfd7-pspvr
2024-05-21 18:26:13.667999983,NVIDIA,6.16,G506.0210.00.03,2.0,1652523004560,92.00.45.00.05,535.104.05,12.535.104.05,fmaas-devstage-backen-9cjgj-worker-a100-il-rdma-3-jx6tm,GPU-fae4890e-cca3-f53f-3743-ba11e6e50022,DCGM_FI_PROF_PCIE_TX_BYTES,nvidia-dcgm-exporter,nvidia3,gpu-metrics,3,192.241.129.18:9400,nvidia-dcgm-exporter,NVIDIA A100-SXM4-80GB,nvidia-gpu-operator,nvidia-dcgm-exporter-xq25l,openshift-monitoring/k8s,nvidia-dcgm-exporter,183550.0,caikit-runtime,fmaas-tuning,devstage-cais-6957b8dfd7-pspvr
2024-05-21 18:16:30.772000074,NVIDIA,6.16,G506.0210.00.03,2.0,1652523004804,92.00.45.00.05,535.104.05,12.535.104.05,fmaas-devstage-backen-9cjgj-worker-a100-il-rdma-3-jx6tm,GPU-6813d4a5-a19a-6a1f-b0ae-7d70939dc17d,DCGM_FI_PROF_PCIE_TX_BYTES,nvidia-dcgm-exporter,nvidia5,gpu-metrics,5,192.241.129.18:9400,nvidia-dcgm-exporter,NVIDIA A100-SXM4-80GB,nvidia-gpu-operator,nvidia-dcgm-exporter-xq25l,openshift-monitoring/k8s,nvidia-dcgm-exporter,128707.0,,,
2024-05-21 18:16:43.667999983,NVIDIA,6.16,G506.0210.00.03,2.0,1652523004804,92.00.45.00.05,535.104.05,12.535.104.05,fmaas-devstage-backen-9cjgj-worker-a100-il-rdma-3-jx6tm,GPU-6813d4a5-a19a-6a1f-b0ae-7d70939dc17d,DCGM_FI_PROF_PCIE_TX_BYTES,nvidia-dcgm-exporter,nvidia5,gpu-metrics,5,192.241.129.18:9400,nvidia-dcgm-exporter,NVIDIA A100-SXM4-80GB,nvidia-gpu-operator,nvidia-dcgm-exporter-xq25l,openshift-monitoring/k8s,nvidia-dcgm-exporter,89135.0,,,
2024-05-21 18:17:13.667999983,NVIDIA,6.16,G506.0210.00.03,2.0,1652523004804,92.00.45.00.05,535.104.05,12.535.104.05,fmaas-devstage-backen-9cjgj-worker-a100-il-rdma-3-jx6tm,GPU-6813d4a5-a19a-6a1f-b0ae-7d70939dc17d,DCGM_FI_PROF_PCIE_TX_BYTES,nvidia-dcgm-exporter,nvidia5,gpu-metrics,5,192.241.129.18:9400,nvidia-dcgm-exporter,NVIDIA A100-SXM4-80GB,nvidia-gpu-operator,nvidia-dcgm-exporter-xq25l,openshift-monitoring/k8s,nvidia-dcgm-exporter,519453.0,,,
2024-05-21 18:17:43.667999983,NVIDIA,6.16,G506.0210.00.03,2.0,1652523004804,92.00.45.00.05,535.104.05,12.535.104.05,fmaas-devstage-backen-9cjgj-worker-a100-il-rdma-3-jx6tm,GPU-6813d4a5-a19a-6a1f-b0ae-7d70939dc17d,DCGM_FI_PROF_PCIE_TX_BYTES,nvidia-dcgm-exporter,nvidia5,gpu-metrics,5,192.241.129.18:9400,nvidia-dcgm-exporter,NVIDIA A100-SXM4-80GB,nvidia-gpu-operator,nvidia-dcgm-exporter-xq25l,openshift-monitoring/k8s,nvidia-dcgm-exporter,290104.0,,,
2024-05-21 18:18:13.667999983,NVIDIA,6.16,G506.0210.00.03,2.0,1652523004804,92.00.45.00.05,535.104.05,12.535.104.05,fmaas-devstage-backen-9cjgj-worker-a100-il-rdma-3-jx6tm,GPU-6813d4a5-a19a-6a1f-b0ae-7d70939dc17d,DCGM_FI_PROF_PCIE_TX_BYTES,nvidia-dcgm-exporter,nvidia5,gpu-metrics,5,192.241.129.18:9400,nvidia-dcgm-exporter,NVIDIA A100-SXM4-80GB,nvidia-gpu-operator,nvidia-dcgm-exporter-xq25l,openshift-monitoring/k8s,nvidia-dcgm-exporter,181596.0,,,
2024-05-21 18:18:43.667999983,NVIDIA,6.16,G506.0210.00.03,2.0,1652523004804,92.00.45.00.05,535.104.05,12.535.104.05,fmaas-devstage-backen-9cjgj-worker-a100-il-rdma-3-jx6tm,GPU-6813d4a5-a19a-6a1f-b0ae-7d70939dc17d,DCGM_FI_PROF_PCIE_TX_BYTES,nvidia-dcgm-exporter,nvidia5,gpu-metrics,5,192.241.129.18:9400,nvidia-dcgm-exporter,NVIDIA A100-SXM4-80GB,nvidia-gpu-operator,nvidia-dcgm-exporter-xq25l,openshift-monitoring/k8s,nvidia-dcgm-exporter,98034.0,,,
2024-05-21 18:19:13.667999983,NVIDIA,6.16,G506.0210.00.03,2.0,1652523004804,92.00.45.00.05,535.104.05,12.535.104.05,fmaas-devstage-backen-9cjgj-worker-a100-il-rdma-3-jx6tm,GPU-6813d4a5-a19a-6a1f-b0ae-7d70939dc17d,DCGM_FI_PROF_PCIE_TX_BYTES,nvidia-dcgm-exporter,nvidia5,gpu-metrics,5,192.241.129.18:9400,nvidia-dcgm-exporter,NVIDIA A100-SXM4-80GB,nvidia-gpu-operator,nvidia-dcgm-exporter-xq25l,openshift-monitoring/k8s,nvidia-dcgm-exporter,917313.0,,,
2024-05-21 18:19:43.667999983,NVIDIA,6.16,G506.0210.00.03,2.0,1652523004804,92.00.45.00.05,535.104.05,12.535.104.05,fmaas-devstage-backen-9cjgj-worker-a100-il-rdma-3-jx6tm,GPU-6813d4a5-a19a-6a1f-b0ae-7d70939dc17d,DCGM_FI_PROF_PCIE_TX_BYTES,nvidia-dcgm-exporter,nvidia5,gpu-metrics,5,192.241.129.18:9400,nvidia-dcgm-exporter,NVIDIA A100-SXM4-80GB,nvidia-gpu-operator,nvidia-dcgm-exporter-xq25l,openshift-monitoring/k8s,nvidia-dcgm-exporter,341054.0,,,
2024-05-21 18:20:13.667999983,NVIDIA,6.16,G506.0210.00.03,2.0,1652523004804,92.00.45.00.05,535.104.05,12.535.104.05,fmaas-devstage-backen-9cjgj-worker-a100-il-rdma-3-jx6tm,GPU-6813d4a5-a19a-6a1f-b0ae-7d70939dc17d,DCGM_FI_PROF_PCIE_TX_BYTES,nvidia-dcgm-exporter,nvidia5,gpu-metrics,5,192.241.129.18:9400,nvidia-dcgm-exporter,NVIDIA A100-SXM4-80GB,nvidia-gpu-operator,nvidia-dcgm-exporter-xq25l,openshift-monitoring/k8s,nvidia-dcgm-exporter,1350810.0,,,
2024-05-21 18:20:43.667999983,NVIDIA,6.16,G506.0210.00.03,2.0,1652523004804,92.00.45.00.05,535.104.05,12.535.104.05,fmaas-devstage-backen-9cjgj-worker-a100-il-rdma-3-jx6tm,GPU-6813d4a5-a19a-6a1f-b0ae-7d70939dc17d,DCGM_FI_PROF_PCIE_TX_BYTES,nvidia-dcgm-exporter,nvidia5,gpu-metrics,5,192.241.129.18:9400,nvidia-dcgm-exporter,NVIDIA A100-SXM4-80GB,nvidia-gpu-operator,nvidia-dcgm-exporter-xq25l,openshift-monitoring/k8s,nvidia-dcgm-exporter,139576.0,,,
2024-05-21 18:21:13.667999983,NVIDIA,6.16,G506.0210.00.03,2.0,1652523004804,92.00.45.00.05,535.104.05,12.535.104.05,fmaas-devstage-backen-9cjgj-worker-a100-il-rdma-3-jx6tm,GPU-6813d4a5-a19a-6a1f-b0ae-7d70939dc17d,DCGM_FI_PROF_PCIE_TX_BYTES,nvidia-dcgm-exporter,nvidia5,gpu-metrics,5,192.241.129.18:9400,nvidia-dcgm-exporter,NVIDIA A100-SXM4-80GB,nvidia-gpu-operator,nvidia-dcgm-exporter-xq25l,openshift-monitoring/k8s,nvidia-dcgm-exporter,89682.0,,,
2024-05-21 18:21:43.667999983,NVIDIA,6.16,G506.0210.00.03,2.0,1652523004804,92.00.45.00.05,535.104.05,12.535.104.05,fmaas-devstage-backen-9cjgj-worker-a100-il-rdma-3-jx6tm,GPU-6813d4a5-a19a-6a1f-b0ae-7d70939dc17d,DCGM_FI_PROF_PCIE_TX_BYTES,nvidia-dcgm-exporter,nvidia5,gpu-metrics,5,192.241.129.18:9400,nvidia-dcgm-exporter,NVIDIA A100-SXM4-80GB,nvidia-gpu-operator,nvidia-dcgm-exporter-xq25l,openshift-monitoring/k8s,nvidia-dcgm-exporter,703542.0,,,
2024-05-21 18:22:13.667999983,NVIDIA,6.16,G506.0210.00.03,2.0,1652523004804,92.00.45.00.05,535.104.05,12.535.104.05,fmaas-devstage-backen-9cjgj-worker-a100-il-rdma-3-jx6tm,GPU-6813d4a5-a19a-6a1f-b0ae-7d70939dc17d,DCGM_FI_PROF_PCIE_TX_BYTES,nvidia-dcgm-exporter,nvidia5,gpu-metrics,5,192.241.129.18:9400,nvidia-dcgm-exporter,NVIDIA A100-SXM4-80GB,nvidia-gpu-operator,nvidia-dcgm-exporter-xq25l,openshift-monitoring/k8s,nvidia-dcgm-exporter,287402.0,,,
2024-05-21 18:22:43.667999983,NVIDIA,6.16,G506.0210.00.03,2.0,1652523004804,92.00.45.00.05,535.104.05,12.535.104.05,fmaas-devstage-backen-9cjgj-worker-a100-il-rdma-3-jx6tm,GPU-6813d4a5-a19a-6a1f-b0ae-7d70939dc17d,DCGM_FI_PROF_PCIE_TX_BYTES,nvidia-dcgm-exporter,nvidia5,gpu-metrics,5,192.241.129.18:9400,nvidia-dcgm-exporter,NVIDIA A100-SXM4-80GB,nvidia-gpu-operator,nvidia-dcgm-exporter-xq25l,openshift-monitoring/k8s,nvidia-dcgm-exporter,55501.0,,,
2024-05-21 18:23:13.667999983,NVIDIA,6.16,G506.0210.00.03,2.0,1652523004804,92.00.45.00.05,535.104.05,12.535.104.05,fmaas-devstage-backen-9cjgj-worker-a100-il-rdma-3-jx6tm,GPU-6813d4a5-a19a-6a1f-b0ae-7d70939dc17d,DCGM_FI_PROF_PCIE_TX_BYTES,nvidia-dcgm-exporter,nvidia5,gpu-metrics,5,192.241.129.18:9400,nvidia-dcgm-exporter,NVIDIA A100-SXM4-80GB,nvidia-gpu-operator,nvidia-dcgm-exporter-xq25l,openshift-monitoring/k8s,nvidia-dcgm-exporter,47557.0,,,
2024-05-21 18:23:43.667999983,NVIDIA,6.16,G506.0210.00.03,2.0,1652523004804,92.00.45.00.05,535.104.05,12.535.104.05,fmaas-devstage-backen-9cjgj-worker-a100-il-rdma-3-jx6tm,GPU-6813d4a5-a19a-6a1f-b0ae-7d70939dc17d,DCGM_FI_PROF_PCIE_TX_BYTES,nvidia-dcgm-exporter,nvidia5,gpu-metrics,5,192.241.129.18:9400,nvidia-dcgm-exporter,NVIDIA A100-SXM4-80GB,nvidia-gpu-operator,nvidia-dcgm-exporter-xq25l,openshift-monitoring/k8s,nvidia-dcgm-exporter,684569.0,,,
2024-05-21 18:24:13.667999983,NVIDIA,6.16,G506.0210.00.03,2.0,1652523004804,92.00.45.00.05,535.104.05,12.535.104.05,fmaas-devstage-backen-9cjgj-worker-a100-il-rdma-3-jx6tm,GPU-6813d4a5-a19a-6a1f-b0ae-7d70939dc17d,DCGM_FI_PROF_PCIE_TX_BYTES,nvidia-dcgm-exporter,nvidia5,gpu-metrics,5,192.241.129.18:9400,nvidia-dcgm-exporter,NVIDIA A100-SXM4-80GB,nvidia-gpu-operator,nvidia-dcgm-exporter-xq25l,openshift-monitoring/k8s,nvidia-dcgm-exporter,273782.0,,,
2024-05-21 18:24:43.667999983,NVIDIA,6.16,G506.0210.00.03,2.0,1652523004804,92.00.45.00.05,535.104.05,12.535.104.05,fmaas-devstage-backen-9cjgj-worker-a100-il-rdma-3-jx6tm,GPU-6813d4a5-a19a-6a1f-b0ae-7d70939dc17d,DCGM_FI_PROF_PCIE_TX_BYTES,nvidia-dcgm-exporter,nvidia5,gpu-metrics,5,192.241.129.18:9400,nvidia-dcgm-exporter,NVIDIA A100-SXM4-80GB,nvidia-gpu-operator,nvidia-dcgm-exporter-xq25l,openshift-monitoring/k8s,nvidia-dcgm-exporter,139120.0,,,
2024-05-21 18:25:13.667999983,NVIDIA,6.16,G506.0210.00.03,2.0,1652523004804,92.00.45.00.05,535.104.05,12.535.104.05,fmaas-devstage-backen-9cjgj-worker-a100-il-rdma-3-jx6tm,GPU-6813d4a5-a19a-6a1f-b0ae-7d70939dc17d,DCGM_FI_PROF_PCIE_TX_BYTES,nvidia-dcgm-exporter,nvidia5,gpu-metrics,5,192.241.129.18:9400,nvidia-dcgm-exporter,NVIDIA A100-SXM4-80GB,nvidia-gpu-operator,nvidia-dcgm-exporter-xq25l,openshift-monitoring/k8s,nvidia-dcgm-exporter,85977.0,,,
2024-05-21 18:25:43.667999983,NVIDIA,6.16,G506.0210.00.03,2.0,1652523004804,92.00.45.00.05,535.104.05,12.535.104.05,fmaas-devstage-backen-9cjgj-worker-a100-il-rdma-3-jx6tm,GPU-6813d4a5-a19a-6a1f-b0ae-7d70939dc17d,DCGM_FI_PROF_PCIE_TX_BYTES,nvidia-dcgm-exporter,nvidia5,gpu-metrics,5,192.241.129.18:9400,nvidia-dcgm-exporter,NVIDIA A100-SXM4-80GB,nvidia-gpu-operator,nvidia-dcgm-exporter-xq25l,openshift-monitoring/k8s,nvidia-dcgm-exporter,509559.0,,,
2024-05-21 18:26:13.667999983,NVIDIA,6.16,G506.0210.00.03,2.0,1652523004804,92.00.45.00.05,535.104.05,12.535.104.05,fmaas-devstage-backen-9cjgj-worker-a100-il-rdma-3-jx6tm,GPU-6813d4a5-a19a-6a1f-b0ae-7d70939dc17d,DCGM_FI_PROF_PCIE_TX_BYTES,nvidia-dcgm-exporter,nvidia5,gpu-metrics,5,192.241.129.18:9400,nvidia-dcgm-exporter,NVIDIA A100-SXM4-80GB,nvidia-gpu-operator,nvidia-dcgm-exporter-xq25l,openshift-monitoring/k8s,nvidia-dcgm-exporter,177010.0,,,
2024-05-21 18:16:30.772000074,NVIDIA,6.16,G506.0210.00.03,2.0,1652523021837,92.00.45.00.05,535.104.05,12.535.104.05,fmaas-devstage-backen-9cjgj-worker-a100-il-rdma-3-jx6tm,GPU-b30541a1-5408-9bb3-d9fa-12665d1e7472,DCGM_FI_PROF_PCIE_TX_BYTES,nvidia-dcgm-exporter,nvidia4,gpu-metrics,4,192.241.129.18:9400,nvidia-dcgm-exporter,NVIDIA A100-SXM4-80GB,nvidia-gpu-operator,nvidia-dcgm-exporter-xq25l,openshift-monitoring/k8s,nvidia-dcgm-exporter,179152.0,,,
2024-05-21 18:16:43.667999983,NVIDIA,6.16,G506.0210.00.03,2.0,1652523021837,92.00.45.00.05,535.104.05,12.535.104.05,fmaas-devstage-backen-9cjgj-worker-a100-il-rdma-3-jx6tm,GPU-b30541a1-5408-9bb3-d9fa-12665d1e7472,DCGM_FI_PROF_PCIE_TX_BYTES,nvidia-dcgm-exporter,nvidia4,gpu-metrics,4,192.241.129.18:9400,nvidia-dcgm-exporter,NVIDIA A100-SXM4-80GB,nvidia-gpu-operator,nvidia-dcgm-exporter-xq25l,openshift-monitoring/k8s,nvidia-dcgm-exporter,93060.0,,,
2024-05-21 18:17:13.667999983,NVIDIA,6.16,G506.0210.00.03,2.0,1652523021837,92.00.45.00.05,535.104.05,12.535.104.05,fmaas-devstage-backen-9cjgj-worker-a100-il-rdma-3-jx6tm,GPU-b30541a1-5408-9bb3-d9fa-12665d1e7472,DCGM_FI_PROF_PCIE_TX_BYTES,nvidia-dcgm-exporter,nvidia4,gpu-metrics,4,192.241.129.18:9400,nvidia-dcgm-exporter,NVIDIA A100-SXM4-80GB,nvidia-gpu-operator,nvidia-dcgm-exporter-xq25l,openshift-monitoring/k8s,nvidia-dcgm-exporter,611385.0,,,
2024-05-21 18:17:43.667999983,NVIDIA,6.16,G506.0210.00.03,2.0,1652523021837,92.00.45.00.05,535.104.05,12.535.104.05,fmaas-devstage-backen-9cjgj-worker-a100-il-rdma-3-jx6tm,GPU-b30541a1-5408-9bb3-d9fa-12665d1e7472,DCGM_FI_PROF_PCIE_TX_BYTES,nvidia-dcgm-exporter,nvidia4,gpu-metrics,4,192.241.129.18:9400,nvidia-dcgm-exporter,NVIDIA A100-SXM4-80GB,nvidia-gpu-operator,nvidia-dcgm-exporter-xq25l,openshift-monitoring/k8s,nvidia-dcgm-exporter,248568.0,,,
2024-05-21 18:18:13.667999983,NVIDIA,6.16,G506.0210.00.03,2.0,1652523021837,92.00.45.00.05,535.104.05,12.535.104.05,fmaas-devstage-backen-9cjgj-worker-a100-il-rdma-3-jx6tm,GPU-b30541a1-5408-9bb3-d9fa-12665d1e7472,DCGM_FI_PROF_PCIE_TX_BYTES,nvidia-dcgm-exporter,nvidia4,gpu-metrics,4,192.241.129.18:9400,nvidia-dcgm-exporter,NVIDIA A100-SXM4-80GB,nvidia-gpu-operator,nvidia-dcgm-exporter-xq25l,openshift-monitoring/k8s,nvidia-dcgm-exporter,280774.0,,,
2024-05-21 18:18:43.667999983,NVIDIA,6.16,G506.0210.00.03,2.0,1652523021837,92.00.45.00.05,535.104.05,12.535.104.05,fmaas-devstage-backen-9cjgj-worker-a100-il-rdma-3-jx6tm,GPU-b30541a1-5408-9bb3-d9fa-12665d1e7472,DCGM_FI_PROF_PCIE_TX_BYTES,nvidia-dcgm-exporter,nvidia4,gpu-metrics,4,192.241.129.18:9400,nvidia-dcgm-exporter,NVIDIA A100-SXM4-80GB,nvidia-gpu-operator,nvidia-dcgm-exporter-xq25l,openshift-monitoring/k8s,nvidia-dcgm-exporter,140929.0,,,
2024-05-21 18:19:13.667999983,NVIDIA,6.16,G506.0210.00.03,2.0,1652523021837,92.00.45.00.05,535.104.05,12.535.104.05,fmaas-devstage-backen-9cjgj-worker-a100-il-rdma-3-jx6tm,GPU-b30541a1-5408-9bb3-d9fa-12665d1e7472,DCGM_FI_PROF_PCIE_TX_BYTES,nvidia-dcgm-exporter,nvidia4,gpu-metrics,4,192.241.129.18:9400,nvidia-dcgm-exporter,NVIDIA A100-SXM4-80GB,nvidia-gpu-operator,nvidia-dcgm-exporter-xq25l,openshift-monitoring/k8s,nvidia-dcgm-exporter,817722.0,,,
2024-05-21 18:19:43.667999983,NVIDIA,6.16,G506.0210.00.03,2.0,1652523021837,92.00.45.00.05,535.104.05,12.535.104.05,fmaas-devstage-backen-9cjgj-worker-a100-il-rdma-3-jx6tm,GPU-b30541a1-5408-9bb3-d9fa-12665d1e7472,DCGM_FI_PROF_PCIE_TX_BYTES,nvidia-dcgm-exporter,nvidia4,gpu-metrics,4,192.241.129.18:9400,nvidia-dcgm-exporter,NVIDIA A100-SXM4-80GB,nvidia-gpu-operator,nvidia-dcgm-exporter-xq25l,openshift-monitoring/k8s,nvidia-dcgm-exporter,284296.0,,,
2024-05-21 18:20:13.667999983,NVIDIA,6.16,G506.0210.00.03,2.0,1652523021837,92.00.45.00.05,535.104.05,12.535.104.05,fmaas-devstage-backen-9cjgj-worker-a100-il-rdma-3-jx6tm,GPU-b30541a1-5408-9bb3-d9fa-12665d1e7472,DCGM_FI_PROF_PCIE_TX_BYTES,nvidia-dcgm-exporter,nvidia4,gpu-metrics,4,192.241.129.18:9400,nvidia-dcgm-exporter,NVIDIA A100-SXM4-80GB,nvidia-gpu-operator,nvidia-dcgm-exporter-xq25l,openshift-monitoring/k8s,nvidia-dcgm-exporter,770983.0,,,
2024-05-21 18:20:43.667999983,NVIDIA,6.16,G506.0210.00.03,2.0,1652523021837,92.00.45.00.05,535.104.05,12.535.104.05,fmaas-devstage-backen-9cjgj-worker-a100-il-rdma-3-jx6tm,GPU-b30541a1-5408-9bb3-d9fa-12665d1e7472,DCGM_FI_PROF_PCIE_TX_BYTES,nvidia-dcgm-exporter,nvidia4,gpu-metrics,4,192.241.129.18:9400,nvidia-dcgm-exporter,NVIDIA A100-SXM4-80GB,nvidia-gpu-operator,nvidia-dcgm-exporter-xq25l,openshift-monitoring/k8s,nvidia-dcgm-exporter,70998.0,,,
2024-05-21 18:21:13.667999983,NVIDIA,6.16,G506.0210.00.03,2.0,1652523021837,92.00.45.00.05,535.104.05,12.535.104.05,fmaas-devstage-backen-9cjgj-worker-a100-il-rdma-3-jx6tm,GPU-b30541a1-5408-9bb3-d9fa-12665d1e7472,DCGM_FI_PROF_PCIE_TX_BYTES,nvidia-dcgm-exporter,nvidia4,gpu-metrics,4,192.241.129.18:9400,nvidia-dcgm-exporter,NVIDIA A100-SXM4-80GB,nvidia-gpu-operator,nvidia-dcgm-exporter-xq25l,openshift-monitoring/k8s,nvidia-dcgm-exporter,50541.0,,,
2024-05-21 18:21:43.667999983,NVIDIA,6.16,G506.0210.00.03,2.0,1652523021837,92.00.45.00.05,535.104.05,12.535.104.05,fmaas-devstage-backen-9cjgj-worker-a100-il-rdma-3-jx6tm,GPU-b30541a1-5408-9bb3-d9fa-12665d1e7472,DCGM_FI_PROF_PCIE_TX_BYTES,nvidia-dcgm-exporter,nvidia4,gpu-metrics,4,192.241.129.18:9400,nvidia-dcgm-exporter,NVIDIA A100-SXM4-80GB,nvidia-gpu-operator,nvidia-dcgm-exporter-xq25l,openshift-monitoring/k8s,nvidia-dcgm-exporter,53245.0,,,
2024-05-21 18:22:13.667999983,NVIDIA,6.16,G506.0210.00.03,2.0,1652523021837,92.00.45.00.05,535.104.05,12.535.104.05,fmaas-devstage-backen-9cjgj-worker-a100-il-rdma-3-jx6tm,GPU-b30541a1-5408-9bb3-d9fa-12665d1e7472,DCGM_FI_PROF_PCIE_TX_BYTES,nvidia-dcgm-exporter,nvidia4,gpu-metrics,4,192.241.129.18:9400,nvidia-dcgm-exporter,NVIDIA A100-SXM4-80GB,nvidia-gpu-operator,nvidia-dcgm-exporter-xq25l,openshift-monitoring/k8s,nvidia-dcgm-exporter,93662.0,,,
2024-05-21 18:22:43.667999983,NVIDIA,6.16,G506.0210.00.03,2.0,1652523021837,92.00.45.00.05,535.104.05,12.535.104.05,fmaas-devstage-backen-9cjgj-worker-a100-il-rdma-3-jx6tm,GPU-b30541a1-5408-9bb3-d9fa-12665d1e7472,DCGM_FI_PROF_PCIE_TX_BYTES,nvidia-dcgm-exporter,nvidia4,gpu-metrics,4,192.241.129.18:9400,nvidia-dcgm-exporter,NVIDIA A100-SXM4-80GB,nvidia-gpu-operator,nvidia-dcgm-exporter-xq25l,openshift-monitoring/k8s,nvidia-dcgm-exporter,98069.0,,,
2024-05-21 18:23:13.667999983,NVIDIA,6.16,G506.0210.00.03,2.0,1652523021837,92.00.45.00.05,535.104.05,12.535.104.05,fmaas-devstage-backen-9cjgj-worker-a100-il-rdma-3-jx6tm,GPU-b30541a1-5408-9bb3-d9fa-12665d1e7472,DCGM_FI_PROF_PCIE_TX_BYTES,nvidia-dcgm-exporter,nvidia4,gpu-metrics,4,192.241.129.18:9400,nvidia-dcgm-exporter,NVIDIA A100-SXM4-80GB,nvidia-gpu-operator,nvidia-dcgm-exporter-xq25l,openshift-monitoring/k8s,nvidia-dcgm-exporter,71004.0,,,
2024-05-21 18:23:43.667999983,NVIDIA,6.16,G506.0210.00.03,2.0,1652523021837,92.00.45.00.05,535.104.05,12.535.104.05,fmaas-devstage-backen-9cjgj-worker-a100-il-rdma-3-jx6tm,GPU-b30541a1-5408-9bb3-d9fa-12665d1e7472,DCGM_FI_PROF_PCIE_TX_BYTES,nvidia-dcgm-exporter,nvidia4,gpu-metrics,4,192.241.129.18:9400,nvidia-dcgm-exporter,NVIDIA A100-SXM4-80GB,nvidia-gpu-operator,nvidia-dcgm-exporter-xq25l,openshift-monitoring/k8s,nvidia-dcgm-exporter,551461.0,,,
2024-05-21 18:24:13.667999983,NVIDIA,6.16,G506.0210.00.03,2.0,1652523021837,92.00.45.00.05,535.104.05,12.535.104.05,fmaas-devstage-backen-9cjgj-worker-a100-il-rdma-3-jx6tm,GPU-b30541a1-5408-9bb3-d9fa-12665d1e7472,DCGM_FI_PROF_PCIE_TX_BYTES,nvidia-dcgm-exporter,nvidia4,gpu-metrics,4,192.241.129.18:9400,nvidia-dcgm-exporter,NVIDIA A100-SXM4-80GB,nvidia-gpu-operator,nvidia-dcgm-exporter-xq25l,openshift-monitoring/k8s,nvidia-dcgm-exporter,232322.0,,,
2024-05-21 18:24:43.667999983,NVIDIA,6.16,G506.0210.00.03,2.0,1652523021837,92.00.45.00.05,535.104.05,12.535.104.05,fmaas-devstage-backen-9cjgj-worker-a100-il-rdma-3-jx6tm,GPU-b30541a1-5408-9bb3-d9fa-12665d1e7472,DCGM_FI_PROF_PCIE_TX_BYTES,nvidia-dcgm-exporter,nvidia4,gpu-metrics,4,192.241.129.18:9400,nvidia-dcgm-exporter,NVIDIA A100-SXM4-80GB,nvidia-gpu-operator,nvidia-dcgm-exporter-xq25l,openshift-monitoring/k8s,nvidia-dcgm-exporter,298369.0,,,
2024-05-21 18:25:13.667999983,NVIDIA,6.16,G506.0210.00.03,2.0,1652523021837,92.00.45.00.05,535.104.05,12.535.104.05,fmaas-devstage-backen-9cjgj-worker-a100-il-rdma-3-jx6tm,GPU-b30541a1-5408-9bb3-d9fa-12665d1e7472,DCGM_FI_PROF_PCIE_TX_BYTES,nvidia-dcgm-exporter,nvidia4,gpu-metrics,4,192.241.129.18:9400,nvidia-dcgm-exporter,NVIDIA A100-SXM4-80GB,nvidia-gpu-operator,nvidia-dcgm-exporter-xq25l,openshift-monitoring/k8s,nvidia-dcgm-exporter,232128.0,,,
2024-05-21 18:25:43.667999983,NVIDIA,6.16,G506.0210.00.03,2.0,1652523021837,92.00.45.00.05,535.104.05,12.535.104.05,fmaas-devstage-backen-9cjgj-worker-a100-il-rdma-3-jx6tm,GPU-b30541a1-5408-9bb3-d9fa-12665d1e7472,DCGM_FI_PROF_PCIE_TX_BYTES,nvidia-dcgm-exporter,nvidia4,gpu-metrics,4,192.241.129.18:9400,nvidia-dcgm-exporter,NVIDIA A100-SXM4-80GB,nvidia-gpu-operator,nvidia-dcgm-exporter-xq25l,openshift-monitoring/k8s,nvidia-dcgm-exporter,384351.0,,,
2024-05-21 18:26:13.667999983,NVIDIA,6.16,G506.0210.00.03,2.0,1652523021837,92.00.45.00.05,535.104.05,12.535.104.05,fmaas-devstage-backen-9cjgj-worker-a100-il-rdma-3-jx6tm,GPU-b30541a1-5408-9bb3-d9fa-12665d1e7472,DCGM_FI_PROF_PCIE_TX_BYTES,nvidia-dcgm-exporter,nvidia4,gpu-metrics,4,192.241.129.18:9400,nvidia-dcgm-exporter,NVIDIA A100-SXM4-80GB,nvidia-gpu-operator,nvidia-dcgm-exporter-xq25l,openshift-monitoring/k8s,nvidia-dcgm-exporter,132158.0,,,
2024-05-21 18:16:30.772000074,NVIDIA,6.16,G506.0210.00.03,2.0,1652523023451,92.00.45.00.05,535.104.05,12.535.104.05,fmaas-devstage-backen-9cjgj-worker-a100-il-rdma-3-jx6tm,GPU-5a7be2c2-efcc-3083-73b1-eee12a966584,DCGM_FI_PROF_PCIE_TX_BYTES,nvidia-dcgm-exporter,nvidia0,gpu-metrics,0,192.241.129.18:9400,nvidia-dcgm-exporter,NVIDIA A100-SXM4-80GB,nvidia-gpu-operator,nvidia-dcgm-exporter-xq25l,openshift-monitoring/k8s,nvidia-dcgm-exporter,89550.0,,,
2024-05-21 18:16:43.667999983,NVIDIA,6.16,G506.0210.00.03,2.0,1652523023451,92.00.45.00.05,535.104.05,12.535.104.05,fmaas-devstage-backen-9cjgj-worker-a100-il-rdma-3-jx6tm,GPU-5a7be2c2-efcc-3083-73b1-eee12a966584,DCGM_FI_PROF_PCIE_TX_BYTES,nvidia-dcgm-exporter,nvidia0,gpu-metrics,0,192.241.129.18:9400,nvidia-dcgm-exporter,NVIDIA A100-SXM4-80GB,nvidia-gpu-operator,nvidia-dcgm-exporter-xq25l,openshift-monitoring/k8s,nvidia-dcgm-exporter,722854.0,,,
2024-05-21 18:17:13.667999983,NVIDIA,6.16,G506.0210.00.03,2.0,1652523023451,92.00.45.00.05,535.104.05,12.535.104.05,fmaas-devstage-backen-9cjgj-worker-a100-il-rdma-3-jx6tm,GPU-5a7be2c2-efcc-3083-73b1-eee12a966584,DCGM_FI_PROF_PCIE_TX_BYTES,nvidia-dcgm-exporter,nvidia0,gpu-metrics,0,192.241.129.18:9400,nvidia-dcgm-exporter,NVIDIA A100-SXM4-80GB,nvidia-gpu-operator,nvidia-dcgm-exporter-xq25l,openshift-monitoring/k8s,nvidia-dcgm-exporter,684762.0,,,
2024-05-21 18:17:43.667999983,NVIDIA,6.16,G506.0210.00.03,2.0,1652523023451,92.00.45.00.05,535.104.05,12.535.104.05,fmaas-devstage-backen-9cjgj-worker-a100-il-rdma-3-jx6tm,GPU-5a7be2c2-efcc-3083-73b1-eee12a966584,DCGM_FI_PROF_PCIE_TX_BYTES,nvidia-dcgm-exporter,nvidia0,gpu-metrics,0,192.241.129.18:9400,nvidia-dcgm-exporter,NVIDIA A100-SXM4-80GB,nvidia-gpu-operator,nvidia-dcgm-exporter-xq25l,openshift-monitoring/k8s,nvidia-dcgm-exporter,296888.0,,,
2024-05-21 18:18:13.667999983,NVIDIA,6.16,G506.0210.00.03,2.0,1652523023451,92.00.45.00.05,535.104.05,12.535.104.05,fmaas-devstage-backen-9cjgj-worker-a100-il-rdma-3-jx6tm,GPU-5a7be2c2-efcc-3083-73b1-eee12a966584,DCGM_FI_PROF_PCIE_TX_BYTES,nvidia-dcgm-exporter,nvidia0,gpu-metrics,0,192.241.129.18:9400,nvidia-dcgm-exporter,NVIDIA A100-SXM4-80GB,nvidia-gpu-operator,nvidia-dcgm-exporter-xq25l,openshift-monitoring/k8s,nvidia-dcgm-exporter,156741.0,,,
2024-05-21 18:18:43.667999983,NVIDIA,6.16,G506.0210.00.03,2.0,1652523023451,92.00.45.00.05,535.104.05,12.535.104.05,fmaas-devstage-backen-9cjgj-worker-a100-il-rdma-3-jx6tm,GPU-5a7be2c2-efcc-3083-73b1-eee12a966584,DCGM_FI_PROF_PCIE_TX_BYTES,nvidia-dcgm-exporter,nvidia0,gpu-metrics,0,192.241.129.18:9400,nvidia-dcgm-exporter,NVIDIA A100-SXM4-80GB,nvidia-gpu-operator,nvidia-dcgm-exporter-xq25l,openshift-monitoring/k8s,nvidia-dcgm-exporter,86418.0,,,
2024-05-21 18:19:13.667999983,NVIDIA,6.16,G506.0210.00.03,2.0,1652523023451,92.00.45.00.05,535.104.05,12.535.104.05,fmaas-devstage-backen-9cjgj-worker-a100-il-rdma-3-jx6tm,GPU-5a7be2c2-efcc-3083-73b1-eee12a966584,DCGM_FI_PROF_PCIE_TX_BYTES,nvidia-dcgm-exporter,nvidia0,gpu-metrics,0,192.241.129.18:9400,nvidia-dcgm-exporter,NVIDIA A100-SXM4-80GB,nvidia-gpu-operator,nvidia-dcgm-exporter-xq25l,openshift-monitoring/k8s,nvidia-dcgm-exporter,493132.0,,,
2024-05-21 18:19:43.667999983,NVIDIA,6.16,G506.0210.00.03,2.0,1652523023451,92.00.45.00.05,535.104.05,12.535.104.05,fmaas-devstage-backen-9cjgj-worker-a100-il-rdma-3-jx6tm,GPU-5a7be2c2-efcc-3083-73b1-eee12a966584,DCGM_FI_PROF_PCIE_TX_BYTES,nvidia-dcgm-exporter,nvidia0,gpu-metrics,0,192.241.129.18:9400,nvidia-dcgm-exporter,NVIDIA A100-SXM4-80GB,nvidia-gpu-operator,nvidia-dcgm-exporter-xq25l,openshift-monitoring/k8s,nvidia-dcgm-exporter,350586.0,,,
2024-05-21 18:20:13.667999983,NVIDIA,6.16,G506.0210.00.03,2.0,1652523023451,92.00.45.00.05,535.104.05,12.535.104.05,fmaas-devstage-backen-9cjgj-worker-a100-il-rdma-3-jx6tm,GPU-5a7be2c2-efcc-3083-73b1-eee12a966584,DCGM_FI_PROF_PCIE_TX_BYTES,nvidia-dcgm-exporter,nvidia0,gpu-metrics,0,192.241.129.18:9400,nvidia-dcgm-exporter,NVIDIA A100-SXM4-80GB,nvidia-gpu-operator,nvidia-dcgm-exporter-xq25l,openshift-monitoring/k8s,nvidia-dcgm-exporter,1304020.0,,,
2024-05-21 18:20:43.667999983,NVIDIA,6.16,G506.0210.00.03,2.0,1652523023451,92.00.45.00.05,535.104.05,12.535.104.05,fmaas-devstage-backen-9cjgj-worker-a100-il-rdma-3-jx6tm,GPU-5a7be2c2-efcc-3083-73b1-eee12a966584,DCGM_FI_PROF_PCIE_TX_BYTES,nvidia-dcgm-exporter,nvidia0,gpu-metrics,0,192.241.129.18:9400,nvidia-dcgm-exporter,NVIDIA A100-SXM4-80GB,nvidia-gpu-operator,nvidia-dcgm-exporter-xq25l,openshift-monitoring/k8s,nvidia-dcgm-exporter,101990.0,,,
2024-05-21 18:21:13.667999983,NVIDIA,6.16,G506.0210.00.03,2.0,1652523023451,92.00.45.00.05,535.104.05,12.535.104.05,fmaas-devstage-backen-9cjgj-worker-a100-il-rdma-3-jx6tm,GPU-5a7be2c2-efcc-3083-73b1-eee12a966584,DCGM_FI_PROF_PCIE_TX_BYTES,nvidia-dcgm-exporter,nvidia0,gpu-metrics,0,192.241.129.18:9400,nvidia-dcgm-exporter,NVIDIA A100-SXM4-80GB,nvidia-gpu-operator,nvidia-dcgm-exporter-xq25l,openshift-monitoring/k8s,nvidia-dcgm-exporter,66085.0,,,
2024-05-21 18:21:43.667999983,NVIDIA,6.16,G506.0210.00.03,2.0,1652523023451,92.00.45.00.05,535.104.05,12.535.104.05,fmaas-devstage-backen-9cjgj-worker-a100-il-rdma-3-jx6tm,GPU-5a7be2c2-efcc-3083-73b1-eee12a966584,DCGM_FI_PROF_PCIE_TX_BYTES,nvidia-dcgm-exporter,nvidia0,gpu-metrics,0,192.241.129.18:9400,nvidia-dcgm-exporter,NVIDIA A100-SXM4-80GB,nvidia-gpu-operator,nvidia-dcgm-exporter-xq25l,openshift-monitoring/k8s,nvidia-dcgm-exporter,129853.0,,,
2024-05-21 18:22:13.667999983,NVIDIA,6.16,G506.0210.00.03,2.0,1652523023451,92.00.45.00.05,535.104.05,12.535.104.05,fmaas-devstage-backen-9cjgj-worker-a100-il-rdma-3-jx6tm,GPU-5a7be2c2-efcc-3083-73b1-eee12a966584,DCGM_FI_PROF_PCIE_TX_BYTES,nvidia-dcgm-exporter,nvidia0,gpu-metrics,0,192.241.129.18:9400,nvidia-dcgm-exporter,NVIDIA A100-SXM4-80GB,nvidia-gpu-operator,nvidia-dcgm-exporter-xq25l,openshift-monitoring/k8s,nvidia-dcgm-exporter,105814.0,,,
2024-05-21 18:22:43.667999983,NVIDIA,6.16,G506.0210.00.03,2.0,1652523023451,92.00.45.00.05,535.104.05,12.535.104.05,fmaas-devstage-backen-9cjgj-worker-a100-il-rdma-3-jx6tm,GPU-5a7be2c2-efcc-3083-73b1-eee12a966584,DCGM_FI_PROF_PCIE_TX_BYTES,nvidia-dcgm-exporter,nvidia0,gpu-metrics,0,192.241.129.18:9400,nvidia-dcgm-exporter,NVIDIA A100-SXM4-80GB,nvidia-gpu-operator,nvidia-dcgm-exporter-xq25l,openshift-monitoring/k8s,nvidia-dcgm-exporter,87408.0,,,
2024-05-21 18:23:13.667999983,NVIDIA,6.16,G506.0210.00.03,2.0,1652523023451,92.00.45.00.05,535.104.05,12.535.104.05,fmaas-devstage-backen-9cjgj-worker-a100-il-rdma-3-jx6tm,GPU-5a7be2c2-efcc-3083-73b1-eee12a966584,DCGM_FI_PROF_PCIE_TX_BYTES,nvidia-dcgm-exporter,nvidia0,gpu-metrics,0,192.241.129.18:9400,nvidia-dcgm-exporter,NVIDIA A100-SXM4-80GB,nvidia-gpu-operator,nvidia-dcgm-exporter-xq25l,openshift-monitoring/k8s,nvidia-dcgm-exporter,36820.0,,,
2024-05-21 18:23:43.667999983,NVIDIA,6.16,G506.0210.00.03,2.0,1652523023451,92.00.45.00.05,535.104.05,12.535.104.05,fmaas-devstage-backen-9cjgj-worker-a100-il-rdma-3-jx6tm,GPU-5a7be2c2-efcc-3083-73b1-eee12a966584,DCGM_FI_PROF_PCIE_TX_BYTES,nvidia-dcgm-exporter,nvidia0,gpu-metrics,0,192.241.129.18:9400,nvidia-dcgm-exporter,NVIDIA A100-SXM4-80GB,nvidia-gpu-operator,nvidia-dcgm-exporter-xq25l,openshift-monitoring/k8s,nvidia-dcgm-exporter,683028.0,,,
2024-05-21 18:24:13.667999983,NVIDIA,6.16,G506.0210.00.03,2.0,1652523023451,92.00.45.00.05,535.104.05,12.535.104.05,fmaas-devstage-backen-9cjgj-worker-a100-il-rdma-3-jx6tm,GPU-5a7be2c2-efcc-3083-73b1-eee12a966584,DCGM_FI_PROF_PCIE_TX_BYTES,nvidia-dcgm-exporter,nvidia0,gpu-metrics,0,192.241.129.18:9400,nvidia-dcgm-exporter,NVIDIA A100-SXM4-80GB,nvidia-gpu-operator,nvidia-dcgm-exporter-xq25l,openshift-monitoring/k8s,nvidia-dcgm-exporter,477302.0,,,
2024-05-21 18:24:43.667999983,NVIDIA,6.16,G506.0210.00.03,2.0,1652523023451,92.00.45.00.05,535.104.05,12.535.104.05,fmaas-devstage-backen-9cjgj-worker-a100-il-rdma-3-jx6tm,GPU-5a7be2c2-efcc-3083-73b1-eee12a966584,DCGM_FI_PROF_PCIE_TX_BYTES,nvidia-dcgm-exporter,nvidia0,gpu-metrics,0,192.241.129.18:9400,nvidia-dcgm-exporter,NVIDIA A100-SXM4-80GB,nvidia-gpu-operator,nvidia-dcgm-exporter-xq25l,openshift-monitoring/k8s,nvidia-dcgm-exporter,101215.0,,,
2024-05-21 18:25:13.667999983,NVIDIA,6.16,G506.0210.00.03,2.0,1652523023451,92.00.45.00.05,535.104.05,12.535.104.05,fmaas-devstage-backen-9cjgj-worker-a100-il-rdma-3-jx6tm,GPU-5a7be2c2-efcc-3083-73b1-eee12a966584,DCGM_FI_PROF_PCIE_TX_BYTES,nvidia-dcgm-exporter,nvidia0,gpu-metrics,0,192.241.129.18:9400,nvidia-dcgm-exporter,NVIDIA A100-SXM4-80GB,nvidia-gpu-operator,nvidia-dcgm-exporter-xq25l,openshift-monitoring/k8s,nvidia-dcgm-exporter,77736.0,,,
2024-05-21 18:25:43.667999983,NVIDIA,6.16,G506.0210.00.03,2.0,1652523023451,92.00.45.00.05,535.104.05,12.535.104.05,fmaas-devstage-backen-9cjgj-worker-a100-il-rdma-3-jx6tm,GPU-5a7be2c2-efcc-3083-73b1-eee12a966584,DCGM_FI_PROF_PCIE_TX_BYTES,nvidia-dcgm-exporter,nvidia0,gpu-metrics,0,192.241.129.18:9400,nvidia-dcgm-exporter,NVIDIA A100-SXM4-80GB,nvidia-gpu-operator,nvidia-dcgm-exporter-xq25l,openshift-monitoring/k8s,nvidia-dcgm-exporter,259308.0,,,
2024-05-21 18:26:13.667999983,NVIDIA,6.16,G506.0210.00.03,2.0,1652523023451,92.00.45.00.05,535.104.05,12.535.104.05,fmaas-devstage-backen-9cjgj-worker-a100-il-rdma-3-jx6tm,GPU-5a7be2c2-efcc-3083-73b1-eee12a966584,DCGM_FI_PROF_PCIE_TX_BYTES,nvidia-dcgm-exporter,nvidia0,gpu-metrics,0,192.241.129.18:9400,nvidia-dcgm-exporter,NVIDIA A100-SXM4-80GB,nvidia-gpu-operator,nvidia-dcgm-exporter-xq25l,openshift-monitoring/k8s,nvidia-dcgm-exporter,102561.0,,,
2024-05-21 18:26:30.772000074,NVIDIA,6.16,G506.0210.00.03,2.0,1652523001873,92.00.45.00.05,535.104.05,12.535.104.05,fmaas-devstage-backen-9cjgj-worker-a100-il-rdma-3-jx6tm,GPU-005a31d4-76ae-2dd3-af84-3b7039e24835,DCGM_FI_PROF_PCIE_TX_BYTES,nvidia-dcgm-exporter,nvidia6,gpu-metrics,6,192.241.129.18:9400,nvidia-dcgm-exporter,NVIDIA A100-SXM4-80GB,nvidia-gpu-operator,nvidia-dcgm-exporter-xq25l,openshift-monitoring/k8s,nvidia-dcgm-exporter,116146.0,,,
2024-05-21 18:26:43.667999983,NVIDIA,6.16,G506.0210.00.03,2.0,1652523001873,92.00.45.00.05,535.104.05,12.535.104.05,fmaas-devstage-backen-9cjgj-worker-a100-il-rdma-3-jx6tm,GPU-005a31d4-76ae-2dd3-af84-3b7039e24835,DCGM_FI_PROF_PCIE_TX_BYTES,nvidia-dcgm-exporter,nvidia6,gpu-metrics,6,192.241.129.18:9400,nvidia-dcgm-exporter,NVIDIA A100-SXM4-80GB,nvidia-gpu-operator,nvidia-dcgm-exporter-xq25l,openshift-monitoring/k8s,nvidia-dcgm-exporter,312238.0,,,
2024-05-21 18:27:13.667999983,NVIDIA,6.16,G506.0210.00.03,2.0,1652523001873,92.00.45.00.05,535.104.05,12.535.104.05,fmaas-devstage-backen-9cjgj-worker-a100-il-rdma-3-jx6tm,GPU-005a31d4-76ae-2dd3-af84-3b7039e24835,DCGM_FI_PROF_PCIE_TX_BYTES,nvidia-dcgm-exporter,nvidia6,gpu-metrics,6,192.241.129.18:9400,nvidia-dcgm-exporter,NVIDIA A100-SXM4-80GB,nvidia-gpu-operator,nvidia-dcgm-exporter-xq25l,openshift-monitoring/k8s,nvidia-dcgm-exporter,173112.0,,,
2024-05-21 18:27:43.667999983,NVIDIA,6.16,G506.0210.00.03,2.0,1652523001873,92.00.45.00.05,535.104.05,12.535.104.05,fmaas-devstage-backen-9cjgj-worker-a100-il-rdma-3-jx6tm,GPU-005a31d4-76ae-2dd3-af84-3b7039e24835,DCGM_FI_PROF_PCIE_TX_BYTES,nvidia-dcgm-exporter,nvidia6,gpu-metrics,6,192.241.129.18:9400,nvidia-dcgm-exporter,NVIDIA A100-SXM4-80GB,nvidia-gpu-operator,nvidia-dcgm-exporter-xq25l,openshift-monitoring/k8s,nvidia-dcgm-exporter,515853.0,,,
2024-05-21 18:28:13.667999983,NVIDIA,6.16,G506.0210.00.03,2.0,1652523001873,92.00.45.00.05,535.104.05,12.535.104.05,fmaas-devstage-backen-9cjgj-worker-a100-il-rdma-3-jx6tm,GPU-005a31d4-76ae-2dd3-af84-3b7039e24835,DCGM_FI_PROF_PCIE_TX_BYTES,nvidia-dcgm-exporter,nvidia6,gpu-metrics,6,192.241.129.18:9400,nvidia-dcgm-exporter,NVIDIA A100-SXM4-80GB,nvidia-gpu-operator,nvidia-dcgm-exporter-xq25l,openshift-monitoring/k8s,nvidia-dcgm-exporter,302644.0,,,
2024-05-21 18:28:43.667999983,NVIDIA,6.16,G506.0210.00.03,2.0,1652523001873,92.00.45.00.05,535.104.05,12.535.104.05,fmaas-devstage-backen-9cjgj-worker-a100-il-rdma-3-jx6tm,GPU-005a31d4-76ae-2dd3-af84-3b7039e24835,DCGM_FI_PROF_PCIE_TX_BYTES,nvidia-dcgm-exporter,nvidia6,gpu-metrics,6,192.241.129.18:9400,nvidia-dcgm-exporter,NVIDIA A100-SXM4-80GB,nvidia-gpu-operator,nvidia-dcgm-exporter-xq25l,openshift-monitoring/k8s,nvidia-dcgm-exporter,294316.0,,,
2024-05-21 18:29:13.667999983,NVIDIA,6.16,G506.0210.00.03,2.0,1652523001873,92.00.45.00.05,535.104.05,12.535.104.05,fmaas-devstage-backen-9cjgj-worker-a100-il-rdma-3-jx6tm,GPU-005a31d4-76ae-2dd3-af84-3b7039e24835,DCGM_FI_PROF_PCIE_TX_BYTES,nvidia-dcgm-exporter,nvidia6,gpu-metrics,6,192.241.129.18:9400,nvidia-dcgm-exporter,NVIDIA A100-SXM4-80GB,nvidia-gpu-operator,nvidia-dcgm-exporter-xq25l,openshift-monitoring/k8s,nvidia-dcgm-exporter,276474.0,,,
2024-05-21 18:29:43.667999983,NVIDIA,6.16,G506.0210.00.03,2.0,1652523001873,92.00.45.00.05,535.104.05,12.535.104.05,fmaas-devstage-backen-9cjgj-worker-a100-il-rdma-3-jx6tm,GPU-005a31d4-76ae-2dd3-af84-3b7039e24835,DCGM_FI_PROF_PCIE_TX_BYTES,nvidia-dcgm-exporter,nvidia6,gpu-metrics,6,192.241.129.18:9400,nvidia-dcgm-exporter,NVIDIA A100-SXM4-80GB,nvidia-gpu-operator,nvidia-dcgm-exporter-xq25l,openshift-monitoring/k8s,nvidia-dcgm-exporter,1088572.0,,,
2024-05-21 18:30:13.667999983,NVIDIA,6.16,G506.0210.00.03,2.0,1652523001873,92.00.45.00.05,535.104.05,12.535.104.05,fmaas-devstage-backen-9cjgj-worker-a100-il-rdma-3-jx6tm,GPU-005a31d4-76ae-2dd3-af84-3b7039e24835,DCGM_FI_PROF_PCIE_TX_BYTES,nvidia-dcgm-exporter,nvidia6,gpu-metrics,6,192.241.129.18:9400,nvidia-dcgm-exporter,NVIDIA A100-SXM4-80GB,nvidia-gpu-operator,nvidia-dcgm-exporter-xq25l,openshift-monitoring/k8s,nvidia-dcgm-exporter,263129.0,,,
2024-05-21 18:30:43.667999983,NVIDIA,6.16,G506.0210.00.03,2.0,1652523001873,92.00.45.00.05,535.104.05,12.535.104.05,fmaas-devstage-backen-9cjgj-worker-a100-il-rdma-3-jx6tm,GPU-005a31d4-76ae-2dd3-af84-3b7039e24835,DCGM_FI_PROF_PCIE_TX_BYTES,nvidia-dcgm-exporter,nvidia6,gpu-metrics,6,192.241.129.18:9400,nvidia-dcgm-exporter,NVIDIA A100-SXM4-80GB,nvidia-gpu-operator,nvidia-dcgm-exporter-xq25l,openshift-monitoring/k8s,nvidia-dcgm-exporter,1148310.0,,,
2024-05-21 18:31:13.667999983,NVIDIA,6.16,G506.0210.00.03,2.0,1652523001873,92.00.45.00.05,535.104.05,12.535.104.05,fmaas-devstage-backen-9cjgj-worker-a100-il-rdma-3-jx6tm,GPU-005a31d4-76ae-2dd3-af84-3b7039e24835,DCGM_FI_PROF_PCIE_TX_BYTES,nvidia-dcgm-exporter,nvidia6,gpu-metrics,6,192.241.129.18:9400,nvidia-dcgm-exporter,NVIDIA A100-SXM4-80GB,nvidia-gpu-operator,nvidia-dcgm-exporter-xq25l,openshift-monitoring/k8s,nvidia-dcgm-exporter,40100.0,,,
2024-05-21 18:31:43.667999983,NVIDIA,6.16,G506.0210.00.03,2.0,1652523001873,92.00.45.00.05,535.104.05,12.535.104.05,fmaas-devstage-backen-9cjgj-worker-a100-il-rdma-3-jx6tm,GPU-005a31d4-76ae-2dd3-af84-3b7039e24835,DCGM_FI_PROF_PCIE_TX_BYTES,nvidia-dcgm-exporter,nvidia6,gpu-metrics,6,192.241.129.18:9400,nvidia-dcgm-exporter,NVIDIA A100-SXM4-80GB,nvidia-gpu-operator,nvidia-dcgm-exporter-xq25l,openshift-monitoring/k8s,nvidia-dcgm-exporter,191004.0,,,
2024-05-21 18:32:13.667999983,NVIDIA,6.16,G506.0210.00.03,2.0,1652523001873,92.00.45.00.05,535.104.05,12.535.104.05,fmaas-devstage-backen-9cjgj-worker-a100-il-rdma-3-jx6tm,GPU-005a31d4-76ae-2dd3-af84-3b7039e24835,DCGM_FI_PROF_PCIE_TX_BYTES,nvidia-dcgm-exporter,nvidia6,gpu-metrics,6,192.241.129.18:9400,nvidia-dcgm-exporter,NVIDIA A100-SXM4-80GB,nvidia-gpu-operator,nvidia-dcgm-exporter-xq25l,openshift-monitoring/k8s,nvidia-dcgm-exporter,213721.0,,,
2024-05-21 18:32:43.667999983,NVIDIA,6.16,G506.0210.00.03,2.0,1652523001873,92.00.45.00.05,535.104.05,12.535.104.05,fmaas-devstage-backen-9cjgj-worker-a100-il-rdma-3-jx6tm,GPU-005a31d4-76ae-2dd3-af84-3b7039e24835,DCGM_FI_PROF_PCIE_TX_BYTES,nvidia-dcgm-exporter,nvidia6,gpu-metrics,6,192.241.129.18:9400,nvidia-dcgm-exporter,NVIDIA A100-SXM4-80GB,nvidia-gpu-operator,nvidia-dcgm-exporter-xq25l,openshift-monitoring/k8s,nvidia-dcgm-exporter,163190.0,,,
2024-05-21 18:33:13.667999983,NVIDIA,6.16,G506.0210.00.03,2.0,1652523001873,92.00.45.00.05,535.104.05,12.535.104.05,fmaas-devstage-backen-9cjgj-worker-a100-il-rdma-3-jx6tm,GPU-005a31d4-76ae-2dd3-af84-3b7039e24835,DCGM_FI_PROF_PCIE_TX_BYTES,nvidia-dcgm-exporter,nvidia6,gpu-metrics,6,192.241.129.18:9400,nvidia-dcgm-exporter,NVIDIA A100-SXM4-80GB,nvidia-gpu-operator,nvidia-dcgm-exporter-xq25l,openshift-monitoring/k8s,nvidia-dcgm-exporter,310810.0,,,
2024-05-21 18:33:43.667999983,NVIDIA,6.16,G506.0210.00.03,2.0,1652523001873,92.00.45.00.05,535.104.05,12.535.104.05,fmaas-devstage-backen-9cjgj-worker-a100-il-rdma-3-jx6tm,GPU-005a31d4-76ae-2dd3-af84-3b7039e24835,DCGM_FI_PROF_PCIE_TX_BYTES,nvidia-dcgm-exporter,nvidia6,gpu-metrics,6,192.241.129.18:9400,nvidia-dcgm-exporter,NVIDIA A100-SXM4-80GB,nvidia-gpu-operator,nvidia-dcgm-exporter-xq25l,openshift-monitoring/k8s,nvidia-dcgm-exporter,177813.0,,,
2024-05-21 18:34:13.667999983,NVIDIA,6.16,G506.0210.00.03,2.0,1652523001873,92.00.45.00.05,535.104.05,12.535.104.05,fmaas-devstage-backen-9cjgj-worker-a100-il-rdma-3-jx6tm,GPU-005a31d4-76ae-2dd3-af84-3b7039e24835,DCGM_FI_PROF_PCIE_TX_BYTES,nvidia-dcgm-exporter,nvidia6,gpu-metrics,6,192.241.129.18:9400,nvidia-dcgm-exporter,NVIDIA A100-SXM4-80GB,nvidia-gpu-operator,nvidia-dcgm-exporter-xq25l,openshift-monitoring/k8s,nvidia-dcgm-exporter,563616.0,,,
2024-05-21 18:34:43.667999983,NVIDIA,6.16,G506.0210.00.03,2.0,1652523001873,92.00.45.00.05,535.104.05,12.535.104.05,fmaas-devstage-backen-9cjgj-worker-a100-il-rdma-3-jx6tm,GPU-005a31d4-76ae-2dd3-af84-3b7039e24835,DCGM_FI_PROF_PCIE_TX_BYTES,nvidia-dcgm-exporter,nvidia6,gpu-metrics,6,192.241.129.18:9400,nvidia-dcgm-exporter,NVIDIA A100-SXM4-80GB,nvidia-gpu-operator,nvidia-dcgm-exporter-xq25l,openshift-monitoring/k8s,nvidia-dcgm-exporter,108912.0,,,
2024-05-21 18:35:13.667999983,NVIDIA,6.16,G506.0210.00.03,2.0,1652523001873,92.00.45.00.05,535.104.05,12.535.104.05,fmaas-devstage-backen-9cjgj-worker-a100-il-rdma-3-jx6tm,GPU-005a31d4-76ae-2dd3-af84-3b7039e24835,DCGM_FI_PROF_PCIE_TX_BYTES,nvidia-dcgm-exporter,nvidia6,gpu-metrics,6,192.241.129.18:9400,nvidia-dcgm-exporter,NVIDIA A100-SXM4-80GB,nvidia-gpu-operator,nvidia-dcgm-exporter-xq25l,openshift-monitoring/k8s,nvidia-dcgm-exporter,314585.0,,,
2024-05-21 18:35:43.667999983,NVIDIA,6.16,G506.0210.00.03,2.0,1652523001873,92.00.45.00.05,535.104.05,12.535.104.05,fmaas-devstage-backen-9cjgj-worker-a100-il-rdma-3-jx6tm,GPU-005a31d4-76ae-2dd3-af84-3b7039e24835,DCGM_FI_PROF_PCIE_TX_BYTES,nvidia-dcgm-exporter,nvidia6,gpu-metrics,6,192.241.129.18:9400,nvidia-dcgm-exporter,NVIDIA A100-SXM4-80GB,nvidia-gpu-operator,nvidia-dcgm-exporter-xq25l,openshift-monitoring/k8s,nvidia-dcgm-exporter,234882.0,,,
2024-05-21 18:36:13.667999983,NVIDIA,6.16,G506.0210.00.03,2.0,1652523001873,92.00.45.00.05,535.104.05,12.535.104.05,fmaas-devstage-backen-9cjgj-worker-a100-il-rdma-3-jx6tm,GPU-005a31d4-76ae-2dd3-af84-3b7039e24835,DCGM_FI_PROF_PCIE_TX_BYTES,nvidia-dcgm-exporter,nvidia6,gpu-metrics,6,192.241.129.18:9400,nvidia-dcgm-exporter,NVIDIA A100-SXM4-80GB,nvidia-gpu-operator,nvidia-dcgm-exporter-xq25l,openshift-monitoring/k8s,nvidia-dcgm-exporter,547244.0,,,
2024-05-21 18:26:30.772000074,NVIDIA,6.16,G506.0210.00.03,2.0,1652523002864,92.00.45.00.05,535.104.05,12.535.104.05,fmaas-devstage-backen-9cjgj-worker-a100-il-rdma-3-jx6tm,GPU-bd65bd70-5a12-7002-a705-315758f75144,DCGM_FI_PROF_PCIE_TX_BYTES,nvidia-dcgm-exporter,nvidia7,gpu-metrics,7,192.241.129.18:9400,nvidia-dcgm-exporter,NVIDIA A100-SXM4-80GB,nvidia-gpu-operator,nvidia-dcgm-exporter-xq25l,openshift-monitoring/k8s,nvidia-dcgm-exporter,191553.0,caikit-runtime,fmaas-tuning,devstage-cais-bcbf7c8fb-pxhmp
2024-05-21 18:26:43.667999983,NVIDIA,6.16,G506.0210.00.03,2.0,1652523002864,92.00.45.00.05,535.104.05,12.535.104.05,fmaas-devstage-backen-9cjgj-worker-a100-il-rdma-3-jx6tm,GPU-bd65bd70-5a12-7002-a705-315758f75144,DCGM_FI_PROF_PCIE_TX_BYTES,nvidia-dcgm-exporter,nvidia7,gpu-metrics,7,192.241.129.18:9400,nvidia-dcgm-exporter,NVIDIA A100-SXM4-80GB,nvidia-gpu-operator,nvidia-dcgm-exporter-xq25l,openshift-monitoring/k8s,nvidia-dcgm-exporter,160471.0,caikit-runtime,fmaas-tuning,devstage-cais-bcbf7c8fb-pxhmp
2024-05-21 18:27:13.667999983,NVIDIA,6.16,G506.0210.00.03,2.0,1652523002864,92.00.45.00.05,535.104.05,12.535.104.05,fmaas-devstage-backen-9cjgj-worker-a100-il-rdma-3-jx6tm,GPU-bd65bd70-5a12-7002-a705-315758f75144,DCGM_FI_PROF_PCIE_TX_BYTES,nvidia-dcgm-exporter,nvidia7,gpu-metrics,7,192.241.129.18:9400,nvidia-dcgm-exporter,NVIDIA A100-SXM4-80GB,nvidia-gpu-operator,nvidia-dcgm-exporter-xq25l,openshift-monitoring/k8s,nvidia-dcgm-exporter,147418.0,caikit-runtime,fmaas-tuning,devstage-cais-bcbf7c8fb-pxhmp
2024-05-21 18:27:43.667999983,NVIDIA,6.16,G506.0210.00.03,2.0,1652523002864,92.00.45.00.05,535.104.05,12.535.104.05,fmaas-devstage-backen-9cjgj-worker-a100-il-rdma-3-jx6tm,GPU-bd65bd70-5a12-7002-a705-315758f75144,DCGM_FI_PROF_PCIE_TX_BYTES,nvidia-dcgm-exporter,nvidia7,gpu-metrics,7,192.241.129.18:9400,nvidia-dcgm-exporter,NVIDIA A100-SXM4-80GB,nvidia-gpu-operator,nvidia-dcgm-exporter-xq25l,openshift-monitoring/k8s,nvidia-dcgm-exporter,627927.0,caikit-runtime,fmaas-tuning,devstage-cais-bcbf7c8fb-pxhmp
2024-05-21 18:28:13.667999983,NVIDIA,6.16,G506.0210.00.03,2.0,1652523002864,92.00.45.00.05,535.104.05,12.535.104.05,fmaas-devstage-backen-9cjgj-worker-a100-il-rdma-3-jx6tm,GPU-bd65bd70-5a12-7002-a705-315758f75144,DCGM_FI_PROF_PCIE_TX_BYTES,nvidia-dcgm-exporter,nvidia7,gpu-metrics,7,192.241.129.18:9400,nvidia-dcgm-exporter,NVIDIA A100-SXM4-80GB,nvidia-gpu-operator,nvidia-dcgm-exporter-xq25l,openshift-monitoring/k8s,nvidia-dcgm-exporter,444519.0,caikit-runtime,fmaas-tuning,devstage-cais-bcbf7c8fb-pxhmp
2024-05-21 18:28:43.667999983,NVIDIA,6.16,G506.0210.00.03,2.0,1652523002864,92.00.45.00.05,535.104.05,12.535.104.05,fmaas-devstage-backen-9cjgj-worker-a100-il-rdma-3-jx6tm,GPU-bd65bd70-5a12-7002-a705-315758f75144,DCGM_FI_PROF_PCIE_TX_BYTES,nvidia-dcgm-exporter,nvidia7,gpu-metrics,7,192.241.129.18:9400,nvidia-dcgm-exporter,NVIDIA A100-SXM4-80GB,nvidia-gpu-operator,nvidia-dcgm-exporter-xq25l,openshift-monitoring/k8s,nvidia-dcgm-exporter,168549.0,caikit-runtime,fmaas-tuning,devstage-cais-bcbf7c8fb-pxhmp
2024-05-21 18:29:13.667999983,NVIDIA,6.16,G506.0210.00.03,2.0,1652523002864,92.00.45.00.05,535.104.05,12.535.104.05,fmaas-devstage-backen-9cjgj-worker-a100-il-rdma-3-jx6tm,GPU-bd65bd70-5a12-7002-a705-315758f75144,DCGM_FI_PROF_PCIE_TX_BYTES,nvidia-dcgm-exporter,nvidia7,gpu-metrics,7,192.241.129.18:9400,nvidia-dcgm-exporter,NVIDIA A100-SXM4-80GB,nvidia-gpu-operator,nvidia-dcgm-exporter-xq25l,openshift-monitoring/k8s,nvidia-dcgm-exporter,79277.0,caikit-runtime,fmaas-tuning,devstage-cais-bcbf7c8fb-pxhmp
2024-05-21 18:29:43.667999983,NVIDIA,6.16,G506.0210.00.03,2.0,1652523002864,92.00.45.00.05,535.104.05,12.535.104.05,fmaas-devstage-backen-9cjgj-worker-a100-il-rdma-3-jx6tm,GPU-bd65bd70-5a12-7002-a705-315758f75144,DCGM_FI_PROF_PCIE_TX_BYTES,nvidia-dcgm-exporter,nvidia7,gpu-metrics,7,192.241.129.18:9400,nvidia-dcgm-exporter,NVIDIA A100-SXM4-80GB,nvidia-gpu-operator,nvidia-dcgm-exporter-xq25l,openshift-monitoring/k8s,nvidia-dcgm-exporter,1095696.0,caikit-runtime,fmaas-tuning,devstage-cais-bcbf7c8fb-pxhmp
2024-05-21 18:30:13.667999983,NVIDIA,6.16,G506.0210.00.03,2.0,1652523002864,92.00.45.00.05,535.104.05,12.535.104.05,fmaas-devstage-backen-9cjgj-worker-a100-il-rdma-3-jx6tm,GPU-bd65bd70-5a12-7002-a705-315758f75144,DCGM_FI_PROF_PCIE_TX_BYTES,nvidia-dcgm-exporter,nvidia7,gpu-metrics,7,192.241.129.18:9400,nvidia-dcgm-exporter,NVIDIA A100-SXM4-80GB,nvidia-gpu-operator,nvidia-dcgm-exporter-xq25l,openshift-monitoring/k8s,nvidia-dcgm-exporter,326176.0,caikit-runtime,fmaas-tuning,devstage-cais-bcbf7c8fb-pxhmp
2024-05-21 18:30:43.667999983,NVIDIA,6.16,G506.0210.00.03,2.0,1652523002864,92.00.45.00.05,535.104.05,12.535.104.05,fmaas-devstage-backen-9cjgj-worker-a100-il-rdma-3-jx6tm,GPU-bd65bd70-5a12-7002-a705-315758f75144,DCGM_FI_PROF_PCIE_TX_BYTES,nvidia-dcgm-exporter,nvidia7,gpu-metrics,7,192.241.129.18:9400,nvidia-dcgm-exporter,NVIDIA A100-SXM4-80GB,nvidia-gpu-operator,nvidia-dcgm-exporter-xq25l,openshift-monitoring/k8s,nvidia-dcgm-exporter,1159517.0,caikit-runtime,fmaas-tuning,devstage-cais-bcbf7c8fb-pxhmp
2024-05-21 18:31:13.667999983,NVIDIA,6.16,G506.0210.00.03,2.0,1652523002864,92.00.45.00.05,535.104.05,12.535.104.05,fmaas-devstage-backen-9cjgj-worker-a100-il-rdma-3-jx6tm,GPU-bd65bd70-5a12-7002-a705-315758f75144,DCGM_FI_PROF_PCIE_TX_BYTES,nvidia-dcgm-exporter,nvidia7,gpu-metrics,7,192.241.129.18:9400,nvidia-dcgm-exporter,NVIDIA A100-SXM4-80GB,nvidia-gpu-operator,nvidia-dcgm-exporter-xq25l,openshift-monitoring/k8s,nvidia-dcgm-exporter,95814.0,caikit-runtime,fmaas-tuning,devstage-cais-bcbf7c8fb-pxhmp
2024-05-21 18:31:43.667999983,NVIDIA,6.16,G506.0210.00.03,2.0,1652523002864,92.00.45.00.05,535.104.05,12.535.104.05,fmaas-devstage-backen-9cjgj-worker-a100-il-rdma-3-jx6tm,GPU-bd65bd70-5a12-7002-a705-315758f75144,DCGM_FI_PROF_PCIE_TX_BYTES,nvidia-dcgm-exporter,nvidia7,gpu-metrics,7,192.241.129.18:9400,nvidia-dcgm-exporter,NVIDIA A100-SXM4-80GB,nvidia-gpu-operator,nvidia-dcgm-exporter-xq25l,openshift-monitoring/k8s,nvidia-dcgm-exporter,116618.0,caikit-runtime,fmaas-tuning,devstage-cais-bcbf7c8fb-pxhmp
2024-05-21 18:32:13.667999983,NVIDIA,6.16,G506.0210.00.03,2.0,1652523002864,92.00.45.00.05,535.104.05,12.535.104.05,fmaas-devstage-backen-9cjgj-worker-a100-il-rdma-3-jx6tm,GPU-bd65bd70-5a12-7002-a705-315758f75144,DCGM_FI_PROF_PCIE_TX_BYTES,nvidia-dcgm-exporter,nvidia7,gpu-metrics,7,192.241.129.18:9400,nvidia-dcgm-exporter,NVIDIA A100-SXM4-80GB,nvidia-gpu-operator,nvidia-dcgm-exporter-xq25l,openshift-monitoring/k8s,nvidia-dcgm-exporter,281824.0,caikit-runtime,fmaas-tuning,devstage-cais-bcbf7c8fb-pxhmp
2024-05-21 18:32:43.667999983,NVIDIA,6.16,G506.0210.00.03,2.0,1652523002864,92.00.45.00.05,535.104.05,12.535.104.05,fmaas-devstage-backen-9cjgj-worker-a100-il-rdma-3-jx6tm,GPU-bd65bd70-5a12-7002-a705-315758f75144,DCGM_FI_PROF_PCIE_TX_BYTES,nvidia-dcgm-exporter,nvidia7,gpu-metrics,7,192.241.129.18:9400,nvidia-dcgm-exporter,NVIDIA A100-SXM4-80GB,nvidia-gpu-operator,nvidia-dcgm-exporter-xq25l,openshift-monitoring/k8s,nvidia-dcgm-exporter,207680.0,caikit-runtime,fmaas-tuning,devstage-cais-bcbf7c8fb-pxhmp
2024-05-21 18:33:13.667999983,NVIDIA,6.16,G506.0210.00.03,2.0,1652523002864,92.00.45.00.05,535.104.05,12.535.104.05,fmaas-devstage-backen-9cjgj-worker-a100-il-rdma-3-jx6tm,GPU-bd65bd70-5a12-7002-a705-315758f75144,DCGM_FI_PROF_PCIE_TX_BYTES,nvidia-dcgm-exporter,nvidia7,gpu-metrics,7,192.241.129.18:9400,nvidia-dcgm-exporter,NVIDIA A100-SXM4-80GB,nvidia-gpu-operator,nvidia-dcgm-exporter-xq25l,openshift-monitoring/k8s,nvidia-dcgm-exporter,151936.0,caikit-runtime,fmaas-tuning,devstage-cais-bcbf7c8fb-pxhmp
2024-05-21 18:33:43.667999983,NVIDIA,6.16,G506.0210.00.03,2.0,1652523002864,92.00.45.00.05,535.104.05,12.535.104.05,fmaas-devstage-backen-9cjgj-worker-a100-il-rdma-3-jx6tm,GPU-bd65bd70-5a12-7002-a705-315758f75144,DCGM_FI_PROF_PCIE_TX_BYTES,nvidia-dcgm-exporter,nvidia7,gpu-metrics,7,192.241.129.18:9400,nvidia-dcgm-exporter,NVIDIA A100-SXM4-80GB,nvidia-gpu-operator,nvidia-dcgm-exporter-xq25l,openshift-monitoring/k8s,nvidia-dcgm-exporter,95293.0,caikit-runtime,fmaas-tuning,devstage-cais-bcbf7c8fb-pxhmp
2024-05-21 18:34:13.667999983,NVIDIA,6.16,G506.0210.00.03,2.0,1652523002864,92.00.45.00.05,535.104.05,12.535.104.05,fmaas-devstage-backen-9cjgj-worker-a100-il-rdma-3-jx6tm,GPU-bd65bd70-5a12-7002-a705-315758f75144,DCGM_FI_PROF_PCIE_TX_BYTES,nvidia-dcgm-exporter,nvidia7,gpu-metrics,7,192.241.129.18:9400,nvidia-dcgm-exporter,NVIDIA A100-SXM4-80GB,nvidia-gpu-operator,nvidia-dcgm-exporter-xq25l,openshift-monitoring/k8s,nvidia-dcgm-exporter,718622.0,caikit-runtime,fmaas-tuning,devstage-cais-bcbf7c8fb-pxhmp
2024-05-21 18:34:43.667999983,NVIDIA,6.16,G506.0210.00.03,2.0,1652523002864,92.00.45.00.05,535.104.05,12.535.104.05,fmaas-devstage-backen-9cjgj-worker-a100-il-rdma-3-jx6tm,GPU-bd65bd70-5a12-7002-a705-315758f75144,DCGM_FI_PROF_PCIE_TX_BYTES,nvidia-dcgm-exporter,nvidia7,gpu-metrics,7,192.241.129.18:9400,nvidia-dcgm-exporter,NVIDIA A100-SXM4-80GB,nvidia-gpu-operator,nvidia-dcgm-exporter-xq25l,openshift-monitoring/k8s,nvidia-dcgm-exporter,186053.0,caikit-runtime,fmaas-tuning,devstage-cais-bcbf7c8fb-pxhmp
2024-05-21 18:35:13.667999983,NVIDIA,6.16,G506.0210.00.03,2.0,1652523002864,92.00.45.00.05,535.104.05,12.535.104.05,fmaas-devstage-backen-9cjgj-worker-a100-il-rdma-3-jx6tm,GPU-bd65bd70-5a12-7002-a705-315758f75144,DCGM_FI_PROF_PCIE_TX_BYTES,nvidia-dcgm-exporter,nvidia7,gpu-metrics,7,192.241.129.18:9400,nvidia-dcgm-exporter,NVIDIA A100-SXM4-80GB,nvidia-gpu-operator,nvidia-dcgm-exporter-xq25l,openshift-monitoring/k8s,nvidia-dcgm-exporter,145921.0,caikit-runtime,fmaas-tuning,devstage-cais-bcbf7c8fb-pxhmp
2024-05-21 18:35:43.667999983,NVIDIA,6.16,G506.0210.00.03,2.0,1652523002864,92.00.45.00.05,535.104.05,12.535.104.05,fmaas-devstage-backen-9cjgj-worker-a100-il-rdma-3-jx6tm,GPU-bd65bd70-5a12-7002-a705-315758f75144,DCGM_FI_PROF_PCIE_TX_BYTES,nvidia-dcgm-exporter,nvidia7,gpu-metrics,7,192.241.129.18:9400,nvidia-dcgm-exporter,NVIDIA A100-SXM4-80GB,nvidia-gpu-operator,nvidia-dcgm-exporter-xq25l,openshift-monitoring/k8s,nvidia-dcgm-exporter,88698.0,caikit-runtime,fmaas-tuning,devstage-cais-bcbf7c8fb-pxhmp
2024-05-21 18:36:13.667999983,NVIDIA,6.16,G506.0210.00.03,2.0,1652523002864,92.00.45.00.05,535.104.05,12.535.104.05,fmaas-devstage-backen-9cjgj-worker-a100-il-rdma-3-jx6tm,GPU-bd65bd70-5a12-7002-a705-315758f75144,DCGM_FI_PROF_PCIE_TX_BYTES,nvidia-dcgm-exporter,nvidia7,gpu-metrics,7,192.241.129.18:9400,nvidia-dcgm-exporter,NVIDIA A100-SXM4-80GB,nvidia-gpu-operator,nvidia-dcgm-exporter-xq25l,openshift-monitoring/k8s,nvidia-dcgm-exporter,730403.0,caikit-runtime,fmaas-tuning,devstage-cais-bcbf7c8fb-pxhmp
2024-05-21 18:26:30.772000074,NVIDIA,6.16,G506.0210.00.03,2.0,1652523003950,92.00.45.00.05,535.104.05,12.535.104.05,fmaas-devstage-backen-9cjgj-worker-a100-il-rdma-3-jx6tm,GPU-ed198df6-90a8-c0bf-17bb-f1171d39c5dd,DCGM_FI_PROF_PCIE_TX_BYTES,nvidia-dcgm-exporter,nvidia1,gpu-metrics,1,192.241.129.18:9400,nvidia-dcgm-exporter,NVIDIA A100-SXM4-80GB,nvidia-gpu-operator,nvidia-dcgm-exporter-xq25l,openshift-monitoring/k8s,nvidia-dcgm-exporter,273429.0,,,
2024-05-21 18:26:43.667999983,NVIDIA,6.16,G506.0210.00.03,2.0,1652523003950,92.00.45.00.05,535.104.05,12.535.104.05,fmaas-devstage-backen-9cjgj-worker-a100-il-rdma-3-jx6tm,GPU-ed198df6-90a8-c0bf-17bb-f1171d39c5dd,DCGM_FI_PROF_PCIE_TX_BYTES,nvidia-dcgm-exporter,nvidia1,gpu-metrics,1,192.241.129.18:9400,nvidia-dcgm-exporter,NVIDIA A100-SXM4-80GB,nvidia-gpu-operator,nvidia-dcgm-exporter-xq25l,openshift-monitoring/k8s,nvidia-dcgm-exporter,143181.0,,,
2024-05-21 18:27:13.667999983,NVIDIA,6.16,G506.0210.00.03,2.0,1652523003950,92.00.45.00.05,535.104.05,12.535.104.05,fmaas-devstage-backen-9cjgj-worker-a100-il-rdma-3-jx6tm,GPU-ed198df6-90a8-c0bf-17bb-f1171d39c5dd,DCGM_FI_PROF_PCIE_TX_BYTES,nvidia-dcgm-exporter,nvidia1,gpu-metrics,1,192.241.129.18:9400,nvidia-dcgm-exporter,NVIDIA A100-SXM4-80GB,nvidia-gpu-operator,nvidia-dcgm-exporter-xq25l,openshift-monitoring/k8s,nvidia-dcgm-exporter,108963.0,,,
2024-05-21 18:27:43.667999983,NVIDIA,6.16,G506.0210.00.03,2.0,1652523003950,92.00.45.00.05,535.104.05,12.535.104.05,fmaas-devstage-backen-9cjgj-worker-a100-il-rdma-3-jx6tm,GPU-ed198df6-90a8-c0bf-17bb-f1171d39c5dd,DCGM_FI_PROF_PCIE_TX_BYTES,nvidia-dcgm-exporter,nvidia1,gpu-metrics,1,192.241.129.18:9400,nvidia-dcgm-exporter,NVIDIA A100-SXM4-80GB,nvidia-gpu-operator,nvidia-dcgm-exporter-xq25l,openshift-monitoring/k8s,nvidia-dcgm-exporter,434127.0,,,
2024-05-21 18:28:13.667999983,NVIDIA,6.16,G506.0210.00.03,2.0,1652523003950,92.00.45.00.05,535.104.05,12.535.104.05,fmaas-devstage-backen-9cjgj-worker-a100-il-rdma-3-jx6tm,GPU-ed198df6-90a8-c0bf-17bb-f1171d39c5dd,DCGM_FI_PROF_PCIE_TX_BYTES,nvidia-dcgm-exporter,nvidia1,gpu-metrics,1,192.241.129.18:9400,nvidia-dcgm-exporter,NVIDIA A100-SXM4-80GB,nvidia-gpu-operator,nvidia-dcgm-exporter-xq25l,openshift-monitoring/k8s,nvidia-dcgm-exporter,171411.0,,,
2024-05-21 18:28:43.667999983,NVIDIA,6.16,G506.0210.00.03,2.0,1652523003950,92.00.45.00.05,535.104.05,12.535.104.05,fmaas-devstage-backen-9cjgj-worker-a100-il-rdma-3-jx6tm,GPU-ed198df6-90a8-c0bf-17bb-f1171d39c5dd,DCGM_FI_PROF_PCIE_TX_BYTES,nvidia-dcgm-exporter,nvidia1,gpu-metrics,1,192.241.129.18:9400,nvidia-dcgm-exporter,NVIDIA A100-SXM4-80GB,nvidia-gpu-operator,nvidia-dcgm-exporter-xq25l,openshift-monitoring/k8s,nvidia-dcgm-exporter,255727.0,,,
2024-05-21 18:29:13.667999983,NVIDIA,6.16,G506.0210.00.03,2.0,1652523003950,92.00.45.00.05,535.104.05,12.535.104.05,fmaas-devstage-backen-9cjgj-worker-a100-il-rdma-3-jx6tm,GPU-ed198df6-90a8-c0bf-17bb-f1171d39c5dd,DCGM_FI_PROF_PCIE_TX_BYTES,nvidia-dcgm-exporter,nvidia1,gpu-metrics,1,192.241.129.18:9400,nvidia-dcgm-exporter,NVIDIA A100-SXM4-80GB,nvidia-gpu-operator,nvidia-dcgm-exporter-xq25l,openshift-monitoring/k8s,nvidia-dcgm-exporter,260028.0,,,
2024-05-21 18:29:43.667999983,NVIDIA,6.16,G506.0210.00.03,2.0,1652523003950,92.00.45.00.05,535.104.05,12.535.104.05,fmaas-devstage-backen-9cjgj-worker-a100-il-rdma-3-jx6tm,GPU-ed198df6-90a8-c0bf-17bb-f1171d39c5dd,DCGM_FI_PROF_PCIE_TX_BYTES,nvidia-dcgm-exporter,nvidia1,gpu-metrics,1,192.241.129.18:9400,nvidia-dcgm-exporter,NVIDIA A100-SXM4-80GB,nvidia-gpu-operator,nvidia-dcgm-exporter-xq25l,openshift-monitoring/k8s,nvidia-dcgm-exporter,1429106.0,,,
2024-05-21 18:30:13.667999983,NVIDIA,6.16,G506.0210.00.03,2.0,1652523003950,92.00.45.00.05,535.104.05,12.535.104.05,fmaas-devstage-backen-9cjgj-worker-a100-il-rdma-3-jx6tm,GPU-ed198df6-90a8-c0bf-17bb-f1171d39c5dd,DCGM_FI_PROF_PCIE_TX_BYTES,nvidia-dcgm-exporter,nvidia1,gpu-metrics,1,192.241.129.18:9400,nvidia-dcgm-exporter,NVIDIA A100-SXM4-80GB,nvidia-gpu-operator,nvidia-dcgm-exporter-xq25l,openshift-monitoring/k8s,nvidia-dcgm-exporter,152299.0,,,
2024-05-21 18:30:43.667999983,NVIDIA,6.16,G506.0210.00.03,2.0,1652523003950,92.00.45.00.05,535.104.05,12.535.104.05,fmaas-devstage-backen-9cjgj-worker-a100-il-rdma-3-jx6tm,GPU-ed198df6-90a8-c0bf-17bb-f1171d39c5dd,DCGM_FI_PROF_PCIE_TX_BYTES,nvidia-dcgm-exporter,nvidia1,gpu-metrics,1,192.241.129.18:9400,nvidia-dcgm-exporter,NVIDIA A100-SXM4-80GB,nvidia-gpu-operator,nvidia-dcgm-exporter-xq25l,openshift-monitoring/k8s,nvidia-dcgm-exporter,1140619.0,,,
2024-05-21 18:31:13.667999983,NVIDIA,6.16,G506.0210.00.03,2.0,1652523003950,92.00.45.00.05,535.104.05,12.535.104.05,fmaas-devstage-backen-9cjgj-worker-a100-il-rdma-3-jx6tm,GPU-ed198df6-90a8-c0bf-17bb-f1171d39c5dd,DCGM_FI_PROF_PCIE_TX_BYTES,nvidia-dcgm-exporter,nvidia1,gpu-metrics,1,192.241.129.18:9400,nvidia-dcgm-exporter,NVIDIA A100-SXM4-80GB,nvidia-gpu-operator,nvidia-dcgm-exporter-xq25l,openshift-monitoring/k8s,nvidia-dcgm-exporter,275165.0,,,
2024-05-21 18:31:43.667999983,NVIDIA,6.16,G506.0210.00.03,2.0,1652523003950,92.00.45.00.05,535.104.05,12.535.104.05,fmaas-devstage-backen-9cjgj-worker-a100-il-rdma-3-jx6tm,GPU-ed198df6-90a8-c0bf-17bb-f1171d39c5dd,DCGM_FI_PROF_PCIE_TX_BYTES,nvidia-dcgm-exporter,nvidia1,gpu-metrics,1,192.241.129.18:9400,nvidia-dcgm-exporter,NVIDIA A100-SXM4-80GB,nvidia-gpu-operator,nvidia-dcgm-exporter-xq25l,openshift-monitoring/k8s,nvidia-dcgm-exporter,196766.0,,,
2024-05-21 18:32:13.667999983,NVIDIA,6.16,G506.0210.00.03,2.0,1652523003950,92.00.45.00.05,535.104.05,12.535.104.05,fmaas-devstage-backen-9cjgj-worker-a100-il-rdma-3-jx6tm,GPU-ed198df6-90a8-c0bf-17bb-f1171d39c5dd,DCGM_FI_PROF_PCIE_TX_BYTES,nvidia-dcgm-exporter,nvidia1,gpu-metrics,1,192.241.129.18:9400,nvidia-dcgm-exporter,NVIDIA A100-SXM4-80GB,nvidia-gpu-operator,nvidia-dcgm-exporter-xq25l,openshift-monitoring/k8s,nvidia-dcgm-exporter,317722.0,,,
2024-05-21 18:32:43.667999983,NVIDIA,6.16,G506.0210.00.03,2.0,1652523003950,92.00.45.00.05,535.104.05,12.535.104.05,fmaas-devstage-backen-9cjgj-worker-a100-il-rdma-3-jx6tm,GPU-ed198df6-90a8-c0bf-17bb-f1171d39c5dd,DCGM_FI_PROF_PCIE_TX_BYTES,nvidia-dcgm-exporter,nvidia1,gpu-metrics,1,192.241.129.18:9400,nvidia-dcgm-exporter,NVIDIA A100-SXM4-80GB,nvidia-gpu-operator,nvidia-dcgm-exporter-xq25l,openshift-monitoring/k8s,nvidia-dcgm-exporter,166483.0,,,
2024-05-21 18:33:13.667999983,NVIDIA,6.16,G506.0210.00.03,2.0,1652523003950,92.00.45.00.05,535.104.05,12.535.104.05,fmaas-devstage-backen-9cjgj-worker-a100-il-rdma-3-jx6tm,GPU-ed198df6-90a8-c0bf-17bb-f1171d39c5dd,DCGM_FI_PROF_PCIE_TX_BYTES,nvidia-dcgm-exporter,nvidia1,gpu-metrics,1,192.241.129.18:9400,nvidia-dcgm-exporter,NVIDIA A100-SXM4-80GB,nvidia-gpu-operator,nvidia-dcgm-exporter-xq25l,openshift-monitoring/k8s,nvidia-dcgm-exporter,226841.0,,,
2024-05-21 18:33:43.667999983,NVIDIA,6.16,G506.0210.00.03,2.0,1652523003950,92.00.45.00.05,535.104.05,12.535.104.05,fmaas-devstage-backen-9cjgj-worker-a100-il-rdma-3-jx6tm,GPU-ed198df6-90a8-c0bf-17bb-f1171d39c5dd,DCGM_FI_PROF_PCIE_TX_BYTES,nvidia-dcgm-exporter,nvidia1,gpu-metrics,1,192.241.129.18:9400,nvidia-dcgm-exporter,NVIDIA A100-SXM4-80GB,nvidia-gpu-operator,nvidia-dcgm-exporter-xq25l,openshift-monitoring/k8s,nvidia-dcgm-exporter,139014.0,,,
2024-05-21 18:34:13.667999983,NVIDIA,6.16,G506.0210.00.03,2.0,1652523003950,92.00.45.00.05,535.104.05,12.535.104.05,fmaas-devstage-backen-9cjgj-worker-a100-il-rdma-3-jx6tm,GPU-ed198df6-90a8-c0bf-17bb-f1171d39c5dd,DCGM_FI_PROF_PCIE_TX_BYTES,nvidia-dcgm-exporter,nvidia1,gpu-metrics,1,192.241.129.18:9400,nvidia-dcgm-exporter,NVIDIA A100-SXM4-80GB,nvidia-gpu-operator,nvidia-dcgm-exporter-xq25l,openshift-monitoring/k8s,nvidia-dcgm-exporter,354655.0,,,
2024-05-21 18:34:43.667999983,NVIDIA,6.16,G506.0210.00.03,2.0,1652523003950,92.00.45.00.05,535.104.05,12.535.104.05,fmaas-devstage-backen-9cjgj-worker-a100-il-rdma-3-jx6tm,GPU-ed198df6-90a8-c0bf-17bb-f1171d39c5dd,DCGM_FI_PROF_PCIE_TX_BYTES,nvidia-dcgm-exporter,nvidia1,gpu-metrics,1,192.241.129.18:9400,nvidia-dcgm-exporter,NVIDIA A100-SXM4-80GB,nvidia-gpu-operator,nvidia-dcgm-exporter-xq25l,openshift-monitoring/k8s,nvidia-dcgm-exporter,224135.0,,,
2024-05-21 18:35:13.667999983,NVIDIA,6.16,G506.0210.00.03,2.0,1652523003950,92.00.45.00.05,535.104.05,12.535.104.05,fmaas-devstage-backen-9cjgj-worker-a100-il-rdma-3-jx6tm,GPU-ed198df6-90a8-c0bf-17bb-f1171d39c5dd,DCGM_FI_PROF_PCIE_TX_BYTES,nvidia-dcgm-exporter,nvidia1,gpu-metrics,1,192.241.129.18:9400,nvidia-dcgm-exporter,NVIDIA A100-SXM4-80GB,nvidia-gpu-operator,nvidia-dcgm-exporter-xq25l,openshift-monitoring/k8s,nvidia-dcgm-exporter,245557.0,,,
2024-05-21 18:35:43.667999983,NVIDIA,6.16,G506.0210.00.03,2.0,1652523003950,92.00.45.00.05,535.104.05,12.535.104.05,fmaas-devstage-backen-9cjgj-worker-a100-il-rdma-3-jx6tm,GPU-ed198df6-90a8-c0bf-17bb-f1171d39c5dd,DCGM_FI_PROF_PCIE_TX_BYTES,nvidia-dcgm-exporter,nvidia1,gpu-metrics,1,192.241.129.18:9400,nvidia-dcgm-exporter,NVIDIA A100-SXM4-80GB,nvidia-gpu-operator,nvidia-dcgm-exporter-xq25l,openshift-monitoring/k8s,nvidia-dcgm-exporter,143785.0,,,
2024-05-21 18:36:13.667999983,NVIDIA,6.16,G506.0210.00.03,2.0,1652523003950,92.00.45.00.05,535.104.05,12.535.104.05,fmaas-devstage-backen-9cjgj-worker-a100-il-rdma-3-jx6tm,GPU-ed198df6-90a8-c0bf-17bb-f1171d39c5dd,DCGM_FI_PROF_PCIE_TX_BYTES,nvidia-dcgm-exporter,nvidia1,gpu-metrics,1,192.241.129.18:9400,nvidia-dcgm-exporter,NVIDIA A100-SXM4-80GB,nvidia-gpu-operator,nvidia-dcgm-exporter-xq25l,openshift-monitoring/k8s,nvidia-dcgm-exporter,635366.0,,,
2024-05-21 18:26:30.772000074,NVIDIA,6.16,G506.0210.00.03,2.0,1652523003996,92.00.45.00.05,535.104.05,12.535.104.05,fmaas-devstage-backen-9cjgj-worker-a100-il-rdma-3-jx6tm,GPU-f94e20f3-b883-1dc9-1c93-9769594edc6a,DCGM_FI_PROF_PCIE_TX_BYTES,nvidia-dcgm-exporter,nvidia2,gpu-metrics,2,192.241.129.18:9400,nvidia-dcgm-exporter,NVIDIA A100-SXM4-80GB,nvidia-gpu-operator,nvidia-dcgm-exporter-xq25l,openshift-monitoring/k8s,nvidia-dcgm-exporter,6496472.0,base,fmaas-monitoring,llama3
2024-05-21 18:26:43.667999983,NVIDIA,6.16,G506.0210.00.03,2.0,1652523003996,92.00.45.00.05,535.104.05,12.535.104.05,fmaas-devstage-backen-9cjgj-worker-a100-il-rdma-3-jx6tm,GPU-f94e20f3-b883-1dc9-1c93-9769594edc6a,DCGM_FI_PROF_PCIE_TX_BYTES,nvidia-dcgm-exporter,nvidia2,gpu-metrics,2,192.241.129.18:9400,nvidia-dcgm-exporter,NVIDIA A100-SXM4-80GB,nvidia-gpu-operator,nvidia-dcgm-exporter-xq25l,openshift-monitoring/k8s,nvidia-dcgm-exporter,6851790.0,base,fmaas-monitoring,llama3
2024-05-21 18:27:13.667999983,NVIDIA,6.16,G506.0210.00.03,2.0,1652523003996,92.00.45.00.05,535.104.05,12.535.104.05,fmaas-devstage-backen-9cjgj-worker-a100-il-rdma-3-jx6tm,GPU-f94e20f3-b883-1dc9-1c93-9769594edc6a,DCGM_FI_PROF_PCIE_TX_BYTES,nvidia-dcgm-exporter,nvidia2,gpu-metrics,2,192.241.129.18:9400,nvidia-dcgm-exporter,NVIDIA A100-SXM4-80GB,nvidia-gpu-operator,nvidia-dcgm-exporter-xq25l,openshift-monitoring/k8s,nvidia-dcgm-exporter,6758119.0,base,fmaas-monitoring,llama3
2024-05-21 18:27:43.667999983,NVIDIA,6.16,G506.0210.00.03,2.0,1652523003996,92.00.45.00.05,535.104.05,12.535.104.05,fmaas-devstage-backen-9cjgj-worker-a100-il-rdma-3-jx6tm,GPU-f94e20f3-b883-1dc9-1c93-9769594edc6a,DCGM_FI_PROF_PCIE_TX_BYTES,nvidia-dcgm-exporter,nvidia2,gpu-metrics,2,192.241.129.18:9400,nvidia-dcgm-exporter,NVIDIA A100-SXM4-80GB,nvidia-gpu-operator,nvidia-dcgm-exporter-xq25l,openshift-monitoring/k8s,nvidia-dcgm-exporter,7089937.0,base,fmaas-monitoring,llama3
2024-05-21 18:28:13.667999983,NVIDIA,6.16,G506.0210.00.03,2.0,1652523003996,92.00.45.00.05,535.104.05,12.535.104.05,fmaas-devstage-backen-9cjgj-worker-a100-il-rdma-3-jx6tm,GPU-f94e20f3-b883-1dc9-1c93-9769594edc6a,DCGM_FI_PROF_PCIE_TX_BYTES,nvidia-dcgm-exporter,nvidia2,gpu-metrics,2,192.241.129.18:9400,nvidia-dcgm-exporter,NVIDIA A100-SXM4-80GB,nvidia-gpu-operator,nvidia-dcgm-exporter-xq25l,openshift-monitoring/k8s,nvidia-dcgm-exporter,7112922.0,base,fmaas-monitoring,llama3
2024-05-21 18:28:43.667999983,NVIDIA,6.16,G506.0210.00.03,2.0,1652523003996,92.00.45.00.05,535.104.05,12.535.104.05,fmaas-devstage-backen-9cjgj-worker-a100-il-rdma-3-jx6tm,GPU-f94e20f3-b883-1dc9-1c93-9769594edc6a,DCGM_FI_PROF_PCIE_TX_BYTES,nvidia-dcgm-exporter,nvidia2,gpu-metrics,2,192.241.129.18:9400,nvidia-dcgm-exporter,NVIDIA A100-SXM4-80GB,nvidia-gpu-operator,nvidia-dcgm-exporter-xq25l,openshift-monitoring/k8s,nvidia-dcgm-exporter,5659314.0,base,fmaas-monitoring,llama3
2024-05-21 18:29:13.667999983,NVIDIA,6.16,G506.0210.00.03,2.0,1652523003996,92.00.45.00.05,535.104.05,12.535.104.05,fmaas-devstage-backen-9cjgj-worker-a100-il-rdma-3-jx6tm,GPU-f94e20f3-b883-1dc9-1c93-9769594edc6a,DCGM_FI_PROF_PCIE_TX_BYTES,nvidia-dcgm-exporter,nvidia2,gpu-metrics,2,192.241.129.18:9400,nvidia-dcgm-exporter,NVIDIA A100-SXM4-80GB,nvidia-gpu-operator,nvidia-dcgm-exporter-xq25l,openshift-monitoring/k8s,nvidia-dcgm-exporter,6744705.0,base,fmaas-monitoring,llama3
2024-05-21 18:29:43.667999983,NVIDIA,6.16,G506.0210.00.03,2.0,1652523003996,92.00.45.00.05,535.104.05,12.535.104.05,fmaas-devstage-backen-9cjgj-worker-a100-il-rdma-3-jx6tm,GPU-f94e20f3-b883-1dc9-1c93-9769594edc6a,DCGM_FI_PROF_PCIE_TX_BYTES,nvidia-dcgm-exporter,nvidia2,gpu-metrics,2,192.241.129.18:9400,nvidia-dcgm-exporter,NVIDIA A100-SXM4-80GB,nvidia-gpu-operator,nvidia-dcgm-exporter-xq25l,openshift-monitoring/k8s,nvidia-dcgm-exporter,7964604.0,base,fmaas-monitoring,llama3
2024-05-21 18:30:13.667999983,NVIDIA,6.16,G506.0210.00.03,2.0,1652523003996,92.00.45.00.05,535.104.05,12.535.104.05,fmaas-devstage-backen-9cjgj-worker-a100-il-rdma-3-jx6tm,GPU-f94e20f3-b883-1dc9-1c93-9769594edc6a,DCGM_FI_PROF_PCIE_TX_BYTES,nvidia-dcgm-exporter,nvidia2,gpu-metrics,2,192.241.129.18:9400,nvidia-dcgm-exporter,NVIDIA A100-SXM4-80GB,nvidia-gpu-operator,nvidia-dcgm-exporter-xq25l,openshift-monitoring/k8s,nvidia-dcgm-exporter,6861553.0,base,fmaas-monitoring,llama3
2024-05-21 18:30:43.667999983,NVIDIA,6.16,G506.0210.00.03,2.0,1652523003996,92.00.45.00.05,535.104.05,12.535.104.05,fmaas-devstage-backen-9cjgj-worker-a100-il-rdma-3-jx6tm,GPU-f94e20f3-b883-1dc9-1c93-9769594edc6a,DCGM_FI_PROF_PCIE_TX_BYTES,nvidia-dcgm-exporter,nvidia2,gpu-metrics,2,192.241.129.18:9400,nvidia-dcgm-exporter,NVIDIA A100-SXM4-80GB,nvidia-gpu-operator,nvidia-dcgm-exporter-xq25l,openshift-monitoring/k8s,nvidia-dcgm-exporter,8056853.0,base,fmaas-monitoring,llama3
2024-05-21 18:31:13.667999983,NVIDIA,6.16,G506.0210.00.03,2.0,1652523003996,92.00.45.00.05,535.104.05,12.535.104.05,fmaas-devstage-backen-9cjgj-worker-a100-il-rdma-3-jx6tm,GPU-f94e20f3-b883-1dc9-1c93-9769594edc6a,DCGM_FI_PROF_PCIE_TX_BYTES,nvidia-dcgm-exporter,nvidia2,gpu-metrics,2,192.241.129.18:9400,nvidia-dcgm-exporter,NVIDIA A100-SXM4-80GB,nvidia-gpu-operator,nvidia-dcgm-exporter-xq25l,openshift-monitoring/k8s,nvidia-dcgm-exporter,6203473.0,base,fmaas-monitoring,llama3
2024-05-21 18:31:43.667999983,NVIDIA,6.16,G506.0210.00.03,2.0,1652523003996,92.00.45.00.05,535.104.05,12.535.104.05,fmaas-devstage-backen-9cjgj-worker-a100-il-rdma-3-jx6tm,GPU-f94e20f3-b883-1dc9-1c93-9769594edc6a,DCGM_FI_PROF_PCIE_TX_BYTES,nvidia-dcgm-exporter,nvidia2,gpu-metrics,2,192.241.129.18:9400,nvidia-dcgm-exporter,NVIDIA A100-SXM4-80GB,nvidia-gpu-operator,nvidia-dcgm-exporter-xq25l,openshift-monitoring/k8s,nvidia-dcgm-exporter,7117116.0,base,fmaas-monitoring,llama3
2024-05-21 18:32:13.667999983,NVIDIA,6.16,G506.0210.00.03,2.0,1652523003996,92.00.45.00.05,535.104.05,12.535.104.05,fmaas-devstage-backen-9cjgj-worker-a100-il-rdma-3-jx6tm,GPU-f94e20f3-b883-1dc9-1c93-9769594edc6a,DCGM_FI_PROF_PCIE_TX_BYTES,nvidia-dcgm-exporter,nvidia2,gpu-metrics,2,192.241.129.18:9400,nvidia-dcgm-exporter,NVIDIA A100-SXM4-80GB,nvidia-gpu-operator,nvidia-dcgm-exporter-xq25l,openshift-monitoring/k8s,nvidia-dcgm-exporter,6883125.0,base,fmaas-monitoring,llama3
2024-05-21 18:32:43.667999983,NVIDIA,6.16,G506.0210.00.03,2.0,1652523003996,92.00.45.00.05,535.104.05,12.535.104.05,fmaas-devstage-backen-9cjgj-worker-a100-il-rdma-3-jx6tm,GPU-f94e20f3-b883-1dc9-1c93-9769594edc6a,DCGM_FI_PROF_PCIE_TX_BYTES,nvidia-dcgm-exporter,nvidia2,gpu-metrics,2,192.241.129.18:9400,nvidia-dcgm-exporter,NVIDIA A100-SXM4-80GB,nvidia-gpu-operator,nvidia-dcgm-exporter-xq25l,openshift-monitoring/k8s,nvidia-dcgm-exporter,7056830.0,base,fmaas-monitoring,llama3
2024-05-21 18:33:13.667999983,NVIDIA,6.16,G506.0210.00.03,2.0,1652523003996,92.00.45.00.05,535.104.05,12.535.104.05,fmaas-devstage-backen-9cjgj-worker-a100-il-rdma-3-jx6tm,GPU-f94e20f3-b883-1dc9-1c93-9769594edc6a,DCGM_FI_PROF_PCIE_TX_BYTES,nvidia-dcgm-exporter,nvidia2,gpu-metrics,2,192.241.129.18:9400,nvidia-dcgm-exporter,NVIDIA A100-SXM4-80GB,nvidia-gpu-operator,nvidia-dcgm-exporter-xq25l,openshift-monitoring/k8s,nvidia-dcgm-exporter,7462723.0,base,fmaas-monitoring,llama3
2024-05-21 18:33:43.667999983,NVIDIA,6.16,G506.0210.00.03,2.0,1652523003996,92.00.45.00.05,535.104.05,12.535.104.05,fmaas-devstage-backen-9cjgj-worker-a100-il-rdma-3-jx6tm,GPU-f94e20f3-b883-1dc9-1c93-9769594edc6a,DCGM_FI_PROF_PCIE_TX_BYTES,nvidia-dcgm-exporter,nvidia2,gpu-metrics,2,192.241.129.18:9400,nvidia-dcgm-exporter,NVIDIA A100-SXM4-80GB,nvidia-gpu-operator,nvidia-dcgm-exporter-xq25l,openshift-monitoring/k8s,nvidia-dcgm-exporter,7419983.0,base,fmaas-monitoring,llama3
2024-05-21 18:34:13.667999983,NVIDIA,6.16,G506.0210.00.03,2.0,1652523003996,92.00.45.00.05,535.104.05,12.535.104.05,fmaas-devstage-backen-9cjgj-worker-a100-il-rdma-3-jx6tm,GPU-f94e20f3-b883-1dc9-1c93-9769594edc6a,DCGM_FI_PROF_PCIE_TX_BYTES,nvidia-dcgm-exporter,nvidia2,gpu-metrics,2,192.241.129.18:9400,nvidia-dcgm-exporter,NVIDIA A100-SXM4-80GB,nvidia-gpu-operator,nvidia-dcgm-exporter-xq25l,openshift-monitoring/k8s,nvidia-dcgm-exporter,7364363.0,base,fmaas-monitoring,llama3
2024-05-21 18:34:43.667999983,NVIDIA,6.16,G506.0210.00.03,2.0,1652523003996,92.00.45.00.05,535.104.05,12.535.104.05,fmaas-devstage-backen-9cjgj-worker-a100-il-rdma-3-jx6tm,GPU-f94e20f3-b883-1dc9-1c93-9769594edc6a,DCGM_FI_PROF_PCIE_TX_BYTES,nvidia-dcgm-exporter,nvidia2,gpu-metrics,2,192.241.129.18:9400,nvidia-dcgm-exporter,NVIDIA A100-SXM4-80GB,nvidia-gpu-operator,nvidia-dcgm-exporter-xq25l,openshift-monitoring/k8s,nvidia-dcgm-exporter,7496389.0,base,fmaas-monitoring,llama3
2024-05-21 18:35:13.667999983,NVIDIA,6.16,G506.0210.00.03,2.0,1652523003996,92.00.45.00.05,535.104.05,12.535.104.05,fmaas-devstage-backen-9cjgj-worker-a100-il-rdma-3-jx6tm,GPU-f94e20f3-b883-1dc9-1c93-9769594edc6a,DCGM_FI_PROF_PCIE_TX_BYTES,nvidia-dcgm-exporter,nvidia2,gpu-metrics,2,192.241.129.18:9400,nvidia-dcgm-exporter,NVIDIA A100-SXM4-80GB,nvidia-gpu-operator,nvidia-dcgm-exporter-xq25l,openshift-monitoring/k8s,nvidia-dcgm-exporter,7059231.0,base,fmaas-monitoring,llama3
2024-05-21 18:35:43.667999983,NVIDIA,6.16,G506.0210.00.03,2.0,1652523003996,92.00.45.00.05,535.104.05,12.535.104.05,fmaas-devstage-backen-9cjgj-worker-a100-il-rdma-3-jx6tm,GPU-f94e20f3-b883-1dc9-1c93-9769594edc6a,DCGM_FI_PROF_PCIE_TX_BYTES,nvidia-dcgm-exporter,nvidia2,gpu-metrics,2,192.241.129.18:9400,nvidia-dcgm-exporter,NVIDIA A100-SXM4-80GB,nvidia-gpu-operator,nvidia-dcgm-exporter-xq25l,openshift-monitoring/k8s,nvidia-dcgm-exporter,6873699.0,base,fmaas-monitoring,llama3
2024-05-21 18:36:13.667999983,NVIDIA,6.16,G506.0210.00.03,2.0,1652523003996,92.00.45.00.05,535.104.05,12.535.104.05,fmaas-devstage-backen-9cjgj-worker-a100-il-rdma-3-jx6tm,GPU-f94e20f3-b883-1dc9-1c93-9769594edc6a,DCGM_FI_PROF_PCIE_TX_BYTES,nvidia-dcgm-exporter,nvidia2,gpu-metrics,2,192.241.129.18:9400,nvidia-dcgm-exporter,NVIDIA A100-SXM4-80GB,nvidia-gpu-operator,nvidia-dcgm-exporter-xq25l,openshift-monitoring/k8s,nvidia-dcgm-exporter,7230933.0,base,fmaas-monitoring,llama3
2024-05-21 18:26:30.772000074,NVIDIA,6.16,G506.0210.00.03,2.0,1652523004560,92.00.45.00.05,535.104.05,12.535.104.05,fmaas-devstage-backen-9cjgj-worker-a100-il-rdma-3-jx6tm,GPU-fae4890e-cca3-f53f-3743-ba11e6e50022,DCGM_FI_PROF_PCIE_TX_BYTES,nvidia-dcgm-exporter,nvidia3,gpu-metrics,3,192.241.129.18:9400,nvidia-dcgm-exporter,NVIDIA A100-SXM4-80GB,nvidia-gpu-operator,nvidia-dcgm-exporter-xq25l,openshift-monitoring/k8s,nvidia-dcgm-exporter,111238.0,caikit-runtime,fmaas-tuning,devstage-cais-6957b8dfd7-pspvr
2024-05-21 18:26:43.667999983,NVIDIA,6.16,G506.0210.00.03,2.0,1652523004560,92.00.45.00.05,535.104.05,12.535.104.05,fmaas-devstage-backen-9cjgj-worker-a100-il-rdma-3-jx6tm,GPU-fae4890e-cca3-f53f-3743-ba11e6e50022,DCGM_FI_PROF_PCIE_TX_BYTES,nvidia-dcgm-exporter,nvidia3,gpu-metrics,3,192.241.129.18:9400,nvidia-dcgm-exporter,NVIDIA A100-SXM4-80GB,nvidia-gpu-operator,nvidia-dcgm-exporter-xq25l,openshift-monitoring/k8s,nvidia-dcgm-exporter,140628.0,caikit-runtime,fmaas-tuning,devstage-cais-6957b8dfd7-pspvr
2024-05-21 18:27:13.667999983,NVIDIA,6.16,G506.0210.00.03,2.0,1652523004560,92.00.45.00.05,535.104.05,12.535.104.05,fmaas-devstage-backen-9cjgj-worker-a100-il-rdma-3-jx6tm,GPU-fae4890e-cca3-f53f-3743-ba11e6e50022,DCGM_FI_PROF_PCIE_TX_BYTES,nvidia-dcgm-exporter,nvidia3,gpu-metrics,3,192.241.129.18:9400,nvidia-dcgm-exporter,NVIDIA A100-SXM4-80GB,nvidia-gpu-operator,nvidia-dcgm-exporter-xq25l,openshift-monitoring/k8s,nvidia-dcgm-exporter,86412.0,caikit-runtime,fmaas-tuning,devstage-cais-6957b8dfd7-pspvr
2024-05-21 18:27:43.667999983,NVIDIA,6.16,G506.0210.00.03,2.0,1652523004560,92.00.45.00.05,535.104.05,12.535.104.05,fmaas-devstage-backen-9cjgj-worker-a100-il-rdma-3-jx6tm,GPU-fae4890e-cca3-f53f-3743-ba11e6e50022,DCGM_FI_PROF_PCIE_TX_BYTES,nvidia-dcgm-exporter,nvidia3,gpu-metrics,3,192.241.129.18:9400,nvidia-dcgm-exporter,NVIDIA A100-SXM4-80GB,nvidia-gpu-operator,nvidia-dcgm-exporter-xq25l,openshift-monitoring/k8s,nvidia-dcgm-exporter,629076.0,caikit-runtime,fmaas-tuning,devstage-cais-6957b8dfd7-pspvr
2024-05-21 18:28:13.667999983,NVIDIA,6.16,G506.0210.00.03,2.0,1652523004560,92.00.45.00.05,535.104.05,12.535.104.05,fmaas-devstage-backen-9cjgj-worker-a100-il-rdma-3-jx6tm,GPU-fae4890e-cca3-f53f-3743-ba11e6e50022,DCGM_FI_PROF_PCIE_TX_BYTES,nvidia-dcgm-exporter,nvidia3,gpu-metrics,3,192.241.129.18:9400,nvidia-dcgm-exporter,NVIDIA A100-SXM4-80GB,nvidia-gpu-operator,nvidia-dcgm-exporter-xq25l,openshift-monitoring/k8s,nvidia-dcgm-exporter,363332.0,caikit-runtime,fmaas-tuning,devstage-cais-6957b8dfd7-pspvr
2024-05-21 18:28:43.667999983,NVIDIA,6.16,G506.0210.00.03,2.0,1652523004560,92.00.45.00.05,535.104.05,12.535.104.05,fmaas-devstage-backen-9cjgj-worker-a100-il-rdma-3-jx6tm,GPU-fae4890e-cca3-f53f-3743-ba11e6e50022,DCGM_FI_PROF_PCIE_TX_BYTES,nvidia-dcgm-exporter,nvidia3,gpu-metrics,3,192.241.129.18:9400,nvidia-dcgm-exporter,NVIDIA A100-SXM4-80GB,nvidia-gpu-operator,nvidia-dcgm-exporter-xq25l,openshift-monitoring/k8s,nvidia-dcgm-exporter,223203.0,caikit-runtime,fmaas-tuning,devstage-cais-6957b8dfd7-pspvr
2024-05-21 18:29:13.667999983,NVIDIA,6.16,G506.0210.00.03,2.0,1652523004560,92.00.45.00.05,535.104.05,12.535.104.05,fmaas-devstage-backen-9cjgj-worker-a100-il-rdma-3-jx6tm,GPU-fae4890e-cca3-f53f-3743-ba11e6e50022,DCGM_FI_PROF_PCIE_TX_BYTES,nvidia-dcgm-exporter,nvidia3,gpu-metrics,3,192.241.129.18:9400,nvidia-dcgm-exporter,NVIDIA A100-SXM4-80GB,nvidia-gpu-operator,nvidia-dcgm-exporter-xq25l,openshift-monitoring/k8s,nvidia-dcgm-exporter,210197.0,caikit-runtime,fmaas-tuning,devstage-cais-6957b8dfd7-pspvr
2024-05-21 18:29:43.667999983,NVIDIA,6.16,G506.0210.00.03,2.0,1652523004560,92.00.45.00.05,535.104.05,12.535.104.05,fmaas-devstage-backen-9cjgj-worker-a100-il-rdma-3-jx6tm,GPU-fae4890e-cca3-f53f-3743-ba11e6e50022,DCGM_FI_PROF_PCIE_TX_BYTES,nvidia-dcgm-exporter,nvidia3,gpu-metrics,3,192.241.129.18:9400,nvidia-dcgm-exporter,NVIDIA A100-SXM4-80GB,nvidia-gpu-operator,nvidia-dcgm-exporter-xq25l,openshift-monitoring/k8s,nvidia-dcgm-exporter,1096144.0,caikit-runtime,fmaas-tuning,devstage-cais-6957b8dfd7-pspvr
2024-05-21 18:30:13.667999983,NVIDIA,6.16,G506.0210.00.03,2.0,1652523004560,92.00.45.00.05,535.104.05,12.535.104.05,fmaas-devstage-backen-9cjgj-worker-a100-il-rdma-3-jx6tm,GPU-fae4890e-cca3-f53f-3743-ba11e6e50022,DCGM_FI_PROF_PCIE_TX_BYTES,nvidia-dcgm-exporter,nvidia3,gpu-metrics,3,192.241.129.18:9400,nvidia-dcgm-exporter,NVIDIA A100-SXM4-80GB,nvidia-gpu-operator,nvidia-dcgm-exporter-xq25l,openshift-monitoring/k8s,nvidia-dcgm-exporter,318589.0,caikit-runtime,fmaas-tuning,devstage-cais-6957b8dfd7-pspvr
2024-05-21 18:30:43.667999983,NVIDIA,6.16,G506.0210.00.03,2.0,1652523004560,92.00.45.00.05,535.104.05,12.535.104.05,fmaas-devstage-backen-9cjgj-worker-a100-il-rdma-3-jx6tm,GPU-fae4890e-cca3-f53f-3743-ba11e6e50022,DCGM_FI_PROF_PCIE_TX_BYTES,nvidia-dcgm-exporter,nvidia3,gpu-metrics,3,192.241.129.18:9400,nvidia-dcgm-exporter,NVIDIA A100-SXM4-80GB,nvidia-gpu-operator,nvidia-dcgm-exporter-xq25l,openshift-monitoring/k8s,nvidia-dcgm-exporter,1133340.0,caikit-runtime,fmaas-tuning,devstage-cais-6957b8dfd7-pspvr
2024-05-21 18:31:13.667999983,NVIDIA,6.16,G506.0210.00.03,2.0,1652523004560,92.00.45.00.05,535.104.05,12.535.104.05,fmaas-devstage-backen-9cjgj-worker-a100-il-rdma-3-jx6tm,GPU-fae4890e-cca3-f53f-3743-ba11e6e50022,DCGM_FI_PROF_PCIE_TX_BYTES,nvidia-dcgm-exporter,nvidia3,gpu-metrics,3,192.241.129.18:9400,nvidia-dcgm-exporter,NVIDIA A100-SXM4-80GB,nvidia-gpu-operator,nvidia-dcgm-exporter-xq25l,openshift-monitoring/k8s,nvidia-dcgm-exporter,214712.0,caikit-runtime,fmaas-tuning,devstage-cais-6957b8dfd7-pspvr
2024-05-21 18:31:43.667999983,NVIDIA,6.16,G506.0210.00.03,2.0,1652523004560,92.00.45.00.05,535.104.05,12.535.104.05,fmaas-devstage-backen-9cjgj-worker-a100-il-rdma-3-jx6tm,GPU-fae4890e-cca3-f53f-3743-ba11e6e50022,DCGM_FI_PROF_PCIE_TX_BYTES,nvidia-dcgm-exporter,nvidia3,gpu-metrics,3,192.241.129.18:9400,nvidia-dcgm-exporter,NVIDIA A100-SXM4-80GB,nvidia-gpu-operator,nvidia-dcgm-exporter-xq25l,openshift-monitoring/k8s,nvidia-dcgm-exporter,154002.0,caikit-runtime,fmaas-tuning,devstage-cais-6957b8dfd7-pspvr
2024-05-21 18:32:13.667999983,NVIDIA,6.16,G506.0210.00.03,2.0,1652523004560,92.00.45.00.05,535.104.05,12.535.104.05,fmaas-devstage-backen-9cjgj-worker-a100-il-rdma-3-jx6tm,GPU-fae4890e-cca3-f53f-3743-ba11e6e50022,DCGM_FI_PROF_PCIE_TX_BYTES,nvidia-dcgm-exporter,nvidia3,gpu-metrics,3,192.241.129.18:9400,nvidia-dcgm-exporter,NVIDIA A100-SXM4-80GB,nvidia-gpu-operator,nvidia-dcgm-exporter-xq25l,openshift-monitoring/k8s,nvidia-dcgm-exporter,302535.0,caikit-runtime,fmaas-tuning,devstage-cais-6957b8dfd7-pspvr
2024-05-21 18:32:43.667999983,NVIDIA,6.16,G506.0210.00.03,2.0,1652523004560,92.00.45.00.05,535.104.05,12.535.104.05,fmaas-devstage-backen-9cjgj-worker-a100-il-rdma-3-jx6tm,GPU-fae4890e-cca3-f53f-3743-ba11e6e50022,DCGM_FI_PROF_PCIE_TX_BYTES,nvidia-dcgm-exporter,nvidia3,gpu-metrics,3,192.241.129.18:9400,nvidia-dcgm-exporter,NVIDIA A100-SXM4-80GB,nvidia-gpu-operator,nvidia-dcgm-exporter-xq25l,openshift-monitoring/k8s,nvidia-dcgm-exporter,197606.0,caikit-runtime,fmaas-tuning,devstage-cais-6957b8dfd7-pspvr
2024-05-21 18:33:13.667999983,NVIDIA,6.16,G506.0210.00.03,2.0,1652523004560,92.00.45.00.05,535.104.05,12.535.104.05,fmaas-devstage-backen-9cjgj-worker-a100-il-rdma-3-jx6tm,GPU-fae4890e-cca3-f53f-3743-ba11e6e50022,DCGM_FI_PROF_PCIE_TX_BYTES,nvidia-dcgm-exporter,nvidia3,gpu-metrics,3,192.241.129.18:9400,nvidia-dcgm-exporter,NVIDIA A100-SXM4-80GB,nvidia-gpu-operator,nvidia-dcgm-exporter-xq25l,openshift-monitoring/k8s,nvidia-dcgm-exporter,195950.0,caikit-runtime,fmaas-tuning,devstage-cais-6957b8dfd7-pspvr
2024-05-21 18:33:43.667999983,NVIDIA,6.16,G506.0210.00.03,2.0,1652523004560,92.00.45.00.05,535.104.05,12.535.104.05,fmaas-devstage-backen-9cjgj-worker-a100-il-rdma-3-jx6tm,GPU-fae4890e-cca3-f53f-3743-ba11e6e50022,DCGM_FI_PROF_PCIE_TX_BYTES,nvidia-dcgm-exporter,nvidia3,gpu-metrics,3,192.241.129.18:9400,nvidia-dcgm-exporter,NVIDIA A100-SXM4-80GB,nvidia-gpu-operator,nvidia-dcgm-exporter-xq25l,openshift-monitoring/k8s,nvidia-dcgm-exporter,121223.0,caikit-runtime,fmaas-tuning,devstage-cais-6957b8dfd7-pspvr
2024-05-21 18:34:13.667999983,NVIDIA,6.16,G506.0210.00.03,2.0,1652523004560,92.00.45.00.05,535.104.05,12.535.104.05,fmaas-devstage-backen-9cjgj-worker-a100-il-rdma-3-jx6tm,GPU-fae4890e-cca3-f53f-3743-ba11e6e50022,DCGM_FI_PROF_PCIE_TX_BYTES,nvidia-dcgm-exporter,nvidia3,gpu-metrics,3,192.241.129.18:9400,nvidia-dcgm-exporter,NVIDIA A100-SXM4-80GB,nvidia-gpu-operator,nvidia-dcgm-exporter-xq25l,openshift-monitoring/k8s,nvidia-dcgm-exporter,717970.0,caikit-runtime,fmaas-tuning,devstage-cais-6957b8dfd7-pspvr
2024-05-21 18:34:43.667999983,NVIDIA,6.16,G506.0210.00.03,2.0,1652523004560,92.00.45.00.05,535.104.05,12.535.104.05,fmaas-devstage-backen-9cjgj-worker-a100-il-rdma-3-jx6tm,GPU-fae4890e-cca3-f53f-3743-ba11e6e50022,DCGM_FI_PROF_PCIE_TX_BYTES,nvidia-dcgm-exporter,nvidia3,gpu-metrics,3,192.241.129.18:9400,nvidia-dcgm-exporter,NVIDIA A100-SXM4-80GB,nvidia-gpu-operator,nvidia-dcgm-exporter-xq25l,openshift-monitoring/k8s,nvidia-dcgm-exporter,282366.0,caikit-runtime,fmaas-tuning,devstage-cais-6957b8dfd7-pspvr
2024-05-21 18:35:13.667999983,NVIDIA,6.16,G506.0210.00.03,2.0,1652523004560,92.00.45.00.05,535.104.05,12.535.104.05,fmaas-devstage-backen-9cjgj-worker-a100-il-rdma-3-jx6tm,GPU-fae4890e-cca3-f53f-3743-ba11e6e50022,DCGM_FI_PROF_PCIE_TX_BYTES,nvidia-dcgm-exporter,nvidia3,gpu-metrics,3,192.241.129.18:9400,nvidia-dcgm-exporter,NVIDIA A100-SXM4-80GB,nvidia-gpu-operator,nvidia-dcgm-exporter-xq25l,openshift-monitoring/k8s,nvidia-dcgm-exporter,210543.0,caikit-runtime,fmaas-tuning,devstage-cais-6957b8dfd7-pspvr
2024-05-21 18:35:43.667999983,NVIDIA,6.16,G506.0210.00.03,2.0,1652523004560,92.00.45.00.05,535.104.05,12.535.104.05,fmaas-devstage-backen-9cjgj-worker-a100-il-rdma-3-jx6tm,GPU-fae4890e-cca3-f53f-3743-ba11e6e50022,DCGM_FI_PROF_PCIE_TX_BYTES,nvidia-dcgm-exporter,nvidia3,gpu-metrics,3,192.241.129.18:9400,nvidia-dcgm-exporter,NVIDIA A100-SXM4-80GB,nvidia-gpu-operator,nvidia-dcgm-exporter-xq25l,openshift-monitoring/k8s,nvidia-dcgm-exporter,117253.0,caikit-runtime,fmaas-tuning,devstage-cais-6957b8dfd7-pspvr
2024-05-21 18:36:13.667999983,NVIDIA,6.16,G506.0210.00.03,2.0,1652523004560,92.00.45.00.05,535.104.05,12.535.104.05,fmaas-devstage-backen-9cjgj-worker-a100-il-rdma-3-jx6tm,GPU-fae4890e-cca3-f53f-3743-ba11e6e50022,DCGM_FI_PROF_PCIE_TX_BYTES,nvidia-dcgm-exporter,nvidia3,gpu-metrics,3,192.241.129.18:9400,nvidia-dcgm-exporter,NVIDIA A100-SXM4-80GB,nvidia-gpu-operator,nvidia-dcgm-exporter-xq25l,openshift-monitoring/k8s,nvidia-dcgm-exporter,710476.0,caikit-runtime,fmaas-tuning,devstage-cais-6957b8dfd7-pspvr
2024-05-21 18:26:30.772000074,NVIDIA,6.16,G506.0210.00.03,2.0,1652523004804,92.00.45.00.05,535.104.05,12.535.104.05,fmaas-devstage-backen-9cjgj-worker-a100-il-rdma-3-jx6tm,GPU-6813d4a5-a19a-6a1f-b0ae-7d70939dc17d,DCGM_FI_PROF_PCIE_TX_BYTES,nvidia-dcgm-exporter,nvidia5,gpu-metrics,5,192.241.129.18:9400,nvidia-dcgm-exporter,NVIDIA A100-SXM4-80GB,nvidia-gpu-operator,nvidia-dcgm-exporter-xq25l,openshift-monitoring/k8s,nvidia-dcgm-exporter,134974.0,,,
2024-05-21 18:26:43.667999983,NVIDIA,6.16,G506.0210.00.03,2.0,1652523004804,92.00.45.00.05,535.104.05,12.535.104.05,fmaas-devstage-backen-9cjgj-worker-a100-il-rdma-3-jx6tm,GPU-6813d4a5-a19a-6a1f-b0ae-7d70939dc17d,DCGM_FI_PROF_PCIE_TX_BYTES,nvidia-dcgm-exporter,nvidia5,gpu-metrics,5,192.241.129.18:9400,nvidia-dcgm-exporter,NVIDIA A100-SXM4-80GB,nvidia-gpu-operator,nvidia-dcgm-exporter-xq25l,openshift-monitoring/k8s,nvidia-dcgm-exporter,137971.0,,,
2024-05-21 18:27:13.667999983,NVIDIA,6.16,G506.0210.00.03,2.0,1652523004804,92.00.45.00.05,535.104.05,12.535.104.05,fmaas-devstage-backen-9cjgj-worker-a100-il-rdma-3-jx6tm,GPU-6813d4a5-a19a-6a1f-b0ae-7d70939dc17d,DCGM_FI_PROF_PCIE_TX_BYTES,nvidia-dcgm-exporter,nvidia5,gpu-metrics,5,192.241.129.18:9400,nvidia-dcgm-exporter,NVIDIA A100-SXM4-80GB,nvidia-gpu-operator,nvidia-dcgm-exporter-xq25l,openshift-monitoring/k8s,nvidia-dcgm-exporter,83703.0,,,
2024-05-21 18:27:43.667999983,NVIDIA,6.16,G506.0210.00.03,2.0,1652523004804,92.00.45.00.05,535.104.05,12.535.104.05,fmaas-devstage-backen-9cjgj-worker-a100-il-rdma-3-jx6tm,GPU-6813d4a5-a19a-6a1f-b0ae-7d70939dc17d,DCGM_FI_PROF_PCIE_TX_BYTES,nvidia-dcgm-exporter,nvidia5,gpu-metrics,5,192.241.129.18:9400,nvidia-dcgm-exporter,NVIDIA A100-SXM4-80GB,nvidia-gpu-operator,nvidia-dcgm-exporter-xq25l,openshift-monitoring/k8s,nvidia-dcgm-exporter,633550.0,,,
2024-05-21 18:28:13.667999983,NVIDIA,6.16,G506.0210.00.03,2.0,1652523004804,92.00.45.00.05,535.104.05,12.535.104.05,fmaas-devstage-backen-9cjgj-worker-a100-il-rdma-3-jx6tm,GPU-6813d4a5-a19a-6a1f-b0ae-7d70939dc17d,DCGM_FI_PROF_PCIE_TX_BYTES,nvidia-dcgm-exporter,nvidia5,gpu-metrics,5,192.241.129.18:9400,nvidia-dcgm-exporter,NVIDIA A100-SXM4-80GB,nvidia-gpu-operator,nvidia-dcgm-exporter-xq25l,openshift-monitoring/k8s,nvidia-dcgm-exporter,365897.0,,,
2024-05-21 18:28:43.667999983,NVIDIA,6.16,G506.0210.00.03,2.0,1652523004804,92.00.45.00.05,535.104.05,12.535.104.05,fmaas-devstage-backen-9cjgj-worker-a100-il-rdma-3-jx6tm,GPU-6813d4a5-a19a-6a1f-b0ae-7d70939dc17d,DCGM_FI_PROF_PCIE_TX_BYTES,nvidia-dcgm-exporter,nvidia5,gpu-metrics,5,192.241.129.18:9400,nvidia-dcgm-exporter,NVIDIA A100-SXM4-80GB,nvidia-gpu-operator,nvidia-dcgm-exporter-xq25l,openshift-monitoring/k8s,nvidia-dcgm-exporter,126817.0,,,
2024-05-21 18:29:13.667999983,NVIDIA,6.16,G506.0210.00.03,2.0,1652523004804,92.00.45.00.05,535.104.05,12.535.104.05,fmaas-devstage-backen-9cjgj-worker-a100-il-rdma-3-jx6tm,GPU-6813d4a5-a19a-6a1f-b0ae-7d70939dc17d,DCGM_FI_PROF_PCIE_TX_BYTES,nvidia-dcgm-exporter,nvidia5,gpu-metrics,5,192.241.129.18:9400,nvidia-dcgm-exporter,NVIDIA A100-SXM4-80GB,nvidia-gpu-operator,nvidia-dcgm-exporter-xq25l,openshift-monitoring/k8s,nvidia-dcgm-exporter,121043.0,,,
2024-05-21 18:29:43.667999983,NVIDIA,6.16,G506.0210.00.03,2.0,1652523004804,92.00.45.00.05,535.104.05,12.535.104.05,fmaas-devstage-backen-9cjgj-worker-a100-il-rdma-3-jx6tm,GPU-6813d4a5-a19a-6a1f-b0ae-7d70939dc17d,DCGM_FI_PROF_PCIE_TX_BYTES,nvidia-dcgm-exporter,nvidia5,gpu-metrics,5,192.241.129.18:9400,nvidia-dcgm-exporter,NVIDIA A100-SXM4-80GB,nvidia-gpu-operator,nvidia-dcgm-exporter-xq25l,openshift-monitoring/k8s,nvidia-dcgm-exporter,1069373.0,,,
2024-05-21 18:30:13.667999983,NVIDIA,6.16,G506.0210.00.03,2.0,1652523004804,92.00.45.00.05,535.104.05,12.535.104.05,fmaas-devstage-backen-9cjgj-worker-a100-il-rdma-3-jx6tm,GPU-6813d4a5-a19a-6a1f-b0ae-7d70939dc17d,DCGM_FI_PROF_PCIE_TX_BYTES,nvidia-dcgm-exporter,nvidia5,gpu-metrics,5,192.241.129.18:9400,nvidia-dcgm-exporter,NVIDIA A100-SXM4-80GB,nvidia-gpu-operator,nvidia-dcgm-exporter-xq25l,openshift-monitoring/k8s,nvidia-dcgm-exporter,295370.0,,,
2024-05-21 18:30:43.667999983,NVIDIA,6.16,G506.0210.00.03,2.0,1652523004804,92.00.45.00.05,535.104.05,12.535.104.05,fmaas-devstage-backen-9cjgj-worker-a100-il-rdma-3-jx6tm,GPU-6813d4a5-a19a-6a1f-b0ae-7d70939dc17d,DCGM_FI_PROF_PCIE_TX_BYTES,nvidia-dcgm-exporter,nvidia5,gpu-metrics,5,192.241.129.18:9400,nvidia-dcgm-exporter,NVIDIA A100-SXM4-80GB,nvidia-gpu-operator,nvidia-dcgm-exporter-xq25l,openshift-monitoring/k8s,nvidia-dcgm-exporter,1133864.0,,,
2024-05-21 18:31:13.667999983,NVIDIA,6.16,G506.0210.00.03,2.0,1652523004804,92.00.45.00.05,535.104.05,12.535.104.05,fmaas-devstage-backen-9cjgj-worker-a100-il-rdma-3-jx6tm,GPU-6813d4a5-a19a-6a1f-b0ae-7d70939dc17d,DCGM_FI_PROF_PCIE_TX_BYTES,nvidia-dcgm-exporter,nvidia5,gpu-metrics,5,192.241.129.18:9400,nvidia-dcgm-exporter,NVIDIA A100-SXM4-80GB,nvidia-gpu-operator,nvidia-dcgm-exporter-xq25l,openshift-monitoring/k8s,nvidia-dcgm-exporter,132808.0,,,
2024-05-21 18:31:43.667999983,NVIDIA,6.16,G506.0210.00.03,2.0,1652523004804,92.00.45.00.05,535.104.05,12.535.104.05,fmaas-devstage-backen-9cjgj-worker-a100-il-rdma-3-jx6tm,GPU-6813d4a5-a19a-6a1f-b0ae-7d70939dc17d,DCGM_FI_PROF_PCIE_TX_BYTES,nvidia-dcgm-exporter,nvidia5,gpu-metrics,5,192.241.129.18:9400,nvidia-dcgm-exporter,NVIDIA A100-SXM4-80GB,nvidia-gpu-operator,nvidia-dcgm-exporter-xq25l,openshift-monitoring/k8s,nvidia-dcgm-exporter,102780.0,,,
2024-05-21 18:32:13.667999983,NVIDIA,6.16,G506.0210.00.03,2.0,1652523004804,92.00.45.00.05,535.104.05,12.535.104.05,fmaas-devstage-backen-9cjgj-worker-a100-il-rdma-3-jx6tm,GPU-6813d4a5-a19a-6a1f-b0ae-7d70939dc17d,DCGM_FI_PROF_PCIE_TX_BYTES,nvidia-dcgm-exporter,nvidia5,gpu-metrics,5,192.241.129.18:9400,nvidia-dcgm-exporter,NVIDIA A100-SXM4-80GB,nvidia-gpu-operator,nvidia-dcgm-exporter-xq25l,openshift-monitoring/k8s,nvidia-dcgm-exporter,253524.0,,,
2024-05-21 18:32:43.667999983,NVIDIA,6.16,G506.0210.00.03,2.0,1652523004804,92.00.45.00.05,535.104.05,12.535.104.05,fmaas-devstage-backen-9cjgj-worker-a100-il-rdma-3-jx6tm,GPU-6813d4a5-a19a-6a1f-b0ae-7d70939dc17d,DCGM_FI_PROF_PCIE_TX_BYTES,nvidia-dcgm-exporter,nvidia5,gpu-metrics,5,192.241.129.18:9400,nvidia-dcgm-exporter,NVIDIA A100-SXM4-80GB,nvidia-gpu-operator,nvidia-dcgm-exporter-xq25l,openshift-monitoring/k8s,nvidia-dcgm-exporter,180295.0,,,
2024-05-21 18:33:13.667999983,NVIDIA,6.16,G506.0210.00.03,2.0,1652523004804,92.00.45.00.05,535.104.05,12.535.104.05,fmaas-devstage-backen-9cjgj-worker-a100-il-rdma-3-jx6tm,GPU-6813d4a5-a19a-6a1f-b0ae-7d70939dc17d,DCGM_FI_PROF_PCIE_TX_BYTES,nvidia-dcgm-exporter,nvidia5,gpu-metrics,5,192.241.129.18:9400,nvidia-dcgm-exporter,NVIDIA A100-SXM4-80GB,nvidia-gpu-operator,nvidia-dcgm-exporter-xq25l,openshift-monitoring/k8s,nvidia-dcgm-exporter,81313.0,,,
2024-05-21 18:33:43.667999983,NVIDIA,6.16,G506.0210.00.03,2.0,1652523004804,92.00.45.00.05,535.104.05,12.535.104.05,fmaas-devstage-backen-9cjgj-worker-a100-il-rdma-3-jx6tm,GPU-6813d4a5-a19a-6a1f-b0ae-7d70939dc17d,DCGM_FI_PROF_PCIE_TX_BYTES,nvidia-dcgm-exporter,nvidia5,gpu-metrics,5,192.241.129.18:9400,nvidia-dcgm-exporter,NVIDIA A100-SXM4-80GB,nvidia-gpu-operator,nvidia-dcgm-exporter-xq25l,openshift-monitoring/k8s,nvidia-dcgm-exporter,137943.0,,,
2024-05-21 18:34:13.667999983,NVIDIA,6.16,G506.0210.00.03,2.0,1652523004804,92.00.45.00.05,535.104.05,12.535.104.05,fmaas-devstage-backen-9cjgj-worker-a100-il-rdma-3-jx6tm,GPU-6813d4a5-a19a-6a1f-b0ae-7d70939dc17d,DCGM_FI_PROF_PCIE_TX_BYTES,nvidia-dcgm-exporter,nvidia5,gpu-metrics,5,192.241.129.18:9400,nvidia-dcgm-exporter,NVIDIA A100-SXM4-80GB,nvidia-gpu-operator,nvidia-dcgm-exporter-xq25l,openshift-monitoring/k8s,nvidia-dcgm-exporter,618340.0,,,
2024-05-21 18:34:43.667999983,NVIDIA,6.16,G506.0210.00.03,2.0,1652523004804,92.00.45.00.05,535.104.05,12.535.104.05,fmaas-devstage-backen-9cjgj-worker-a100-il-rdma-3-jx6tm,GPU-6813d4a5-a19a-6a1f-b0ae-7d70939dc17d,DCGM_FI_PROF_PCIE_TX_BYTES,nvidia-dcgm-exporter,nvidia5,gpu-metrics,5,192.241.129.18:9400,nvidia-dcgm-exporter,NVIDIA A100-SXM4-80GB,nvidia-gpu-operator,nvidia-dcgm-exporter-xq25l,openshift-monitoring/k8s,nvidia-dcgm-exporter,245417.0,,,
2024-05-21 18:35:13.667999983,NVIDIA,6.16,G506.0210.00.03,2.0,1652523004804,92.00.45.00.05,535.104.05,12.535.104.05,fmaas-devstage-backen-9cjgj-worker-a100-il-rdma-3-jx6tm,GPU-6813d4a5-a19a-6a1f-b0ae-7d70939dc17d,DCGM_FI_PROF_PCIE_TX_BYTES,nvidia-dcgm-exporter,nvidia5,gpu-metrics,5,192.241.129.18:9400,nvidia-dcgm-exporter,NVIDIA A100-SXM4-80GB,nvidia-gpu-operator,nvidia-dcgm-exporter-xq25l,openshift-monitoring/k8s,nvidia-dcgm-exporter,150912.0,,,
2024-05-21 18:35:43.667999983,NVIDIA,6.16,G506.0210.00.03,2.0,1652523004804,92.00.45.00.05,535.104.05,12.535.104.05,fmaas-devstage-backen-9cjgj-worker-a100-il-rdma-3-jx6tm,GPU-6813d4a5-a19a-6a1f-b0ae-7d70939dc17d,DCGM_FI_PROF_PCIE_TX_BYTES,nvidia-dcgm-exporter,nvidia5,gpu-metrics,5,192.241.129.18:9400,nvidia-dcgm-exporter,NVIDIA A100-SXM4-80GB,nvidia-gpu-operator,nvidia-dcgm-exporter-xq25l,openshift-monitoring/k8s,nvidia-dcgm-exporter,92714.0,,,
2024-05-21 18:36:13.667999983,NVIDIA,6.16,G506.0210.00.03,2.0,1652523004804,92.00.45.00.05,535.104.05,12.535.104.05,fmaas-devstage-backen-9cjgj-worker-a100-il-rdma-3-jx6tm,GPU-6813d4a5-a19a-6a1f-b0ae-7d70939dc17d,DCGM_FI_PROF_PCIE_TX_BYTES,nvidia-dcgm-exporter,nvidia5,gpu-metrics,5,192.241.129.18:9400,nvidia-dcgm-exporter,NVIDIA A100-SXM4-80GB,nvidia-gpu-operator,nvidia-dcgm-exporter-xq25l,openshift-monitoring/k8s,nvidia-dcgm-exporter,629064.0,,,
2024-05-21 18:26:30.772000074,NVIDIA,6.16,G506.0210.00.03,2.0,1652523021837,92.00.45.00.05,535.104.05,12.535.104.05,fmaas-devstage-backen-9cjgj-worker-a100-il-rdma-3-jx6tm,GPU-b30541a1-5408-9bb3-d9fa-12665d1e7472,DCGM_FI_PROF_PCIE_TX_BYTES,nvidia-dcgm-exporter,nvidia4,gpu-metrics,4,192.241.129.18:9400,nvidia-dcgm-exporter,NVIDIA A100-SXM4-80GB,nvidia-gpu-operator,nvidia-dcgm-exporter-xq25l,openshift-monitoring/k8s,nvidia-dcgm-exporter,111557.0,,,
2024-05-21 18:26:43.667999983,NVIDIA,6.16,G506.0210.00.03,2.0,1652523021837,92.00.45.00.05,535.104.05,12.535.104.05,fmaas-devstage-backen-9cjgj-worker-a100-il-rdma-3-jx6tm,GPU-b30541a1-5408-9bb3-d9fa-12665d1e7472,DCGM_FI_PROF_PCIE_TX_BYTES,nvidia-dcgm-exporter,nvidia4,gpu-metrics,4,192.241.129.18:9400,nvidia-dcgm-exporter,NVIDIA A100-SXM4-80GB,nvidia-gpu-operator,nvidia-dcgm-exporter-xq25l,openshift-monitoring/k8s,nvidia-dcgm-exporter,374377.0,,,
2024-05-21 18:27:13.667999983,NVIDIA,6.16,G506.0210.00.03,2.0,1652523021837,92.00.45.00.05,535.104.05,12.535.104.05,fmaas-devstage-backen-9cjgj-worker-a100-il-rdma-3-jx6tm,GPU-b30541a1-5408-9bb3-d9fa-12665d1e7472,DCGM_FI_PROF_PCIE_TX_BYTES,nvidia-dcgm-exporter,nvidia4,gpu-metrics,4,192.241.129.18:9400,nvidia-dcgm-exporter,NVIDIA A100-SXM4-80GB,nvidia-gpu-operator,nvidia-dcgm-exporter-xq25l,openshift-monitoring/k8s,nvidia-dcgm-exporter,195733.0,,,
2024-05-21 18:27:43.667999983,NVIDIA,6.16,G506.0210.00.03,2.0,1652523021837,92.00.45.00.05,535.104.05,12.535.104.05,fmaas-devstage-backen-9cjgj-worker-a100-il-rdma-3-jx6tm,GPU-b30541a1-5408-9bb3-d9fa-12665d1e7472,DCGM_FI_PROF_PCIE_TX_BYTES,nvidia-dcgm-exporter,nvidia4,gpu-metrics,4,192.241.129.18:9400,nvidia-dcgm-exporter,NVIDIA A100-SXM4-80GB,nvidia-gpu-operator,nvidia-dcgm-exporter-xq25l,openshift-monitoring/k8s,nvidia-dcgm-exporter,522612.0,,,
2024-05-21 18:28:13.667999983,NVIDIA,6.16,G506.0210.00.03,2.0,1652523021837,92.00.45.00.05,535.104.05,12.535.104.05,fmaas-devstage-backen-9cjgj-worker-a100-il-rdma-3-jx6tm,GPU-b30541a1-5408-9bb3-d9fa-12665d1e7472,DCGM_FI_PROF_PCIE_TX_BYTES,nvidia-dcgm-exporter,nvidia4,gpu-metrics,4,192.241.129.18:9400,nvidia-dcgm-exporter,NVIDIA A100-SXM4-80GB,nvidia-gpu-operator,nvidia-dcgm-exporter-xq25l,openshift-monitoring/k8s,nvidia-dcgm-exporter,294698.0,,,
2024-05-21 18:28:43.667999983,NVIDIA,6.16,G506.0210.00.03,2.0,1652523021837,92.00.45.00.05,535.104.05,12.535.104.05,fmaas-devstage-backen-9cjgj-worker-a100-il-rdma-3-jx6tm,GPU-b30541a1-5408-9bb3-d9fa-12665d1e7472,DCGM_FI_PROF_PCIE_TX_BYTES,nvidia-dcgm-exporter,nvidia4,gpu-metrics,4,192.241.129.18:9400,nvidia-dcgm-exporter,NVIDIA A100-SXM4-80GB,nvidia-gpu-operator,nvidia-dcgm-exporter-xq25l,openshift-monitoring/k8s,nvidia-dcgm-exporter,309298.0,,,
2024-05-21 18:29:13.667999983,NVIDIA,6.16,G506.0210.00.03,2.0,1652523021837,92.00.45.00.05,535.104.05,12.535.104.05,fmaas-devstage-backen-9cjgj-worker-a100-il-rdma-3-jx6tm,GPU-b30541a1-5408-9bb3-d9fa-12665d1e7472,DCGM_FI_PROF_PCIE_TX_BYTES,nvidia-dcgm-exporter,nvidia4,gpu-metrics,4,192.241.129.18:9400,nvidia-dcgm-exporter,NVIDIA A100-SXM4-80GB,nvidia-gpu-operator,nvidia-dcgm-exporter-xq25l,openshift-monitoring/k8s,nvidia-dcgm-exporter,308117.0,,,
2024-05-21 18:29:43.667999983,NVIDIA,6.16,G506.0210.00.03,2.0,1652523021837,92.00.45.00.05,535.104.05,12.535.104.05,fmaas-devstage-backen-9cjgj-worker-a100-il-rdma-3-jx6tm,GPU-b30541a1-5408-9bb3-d9fa-12665d1e7472,DCGM_FI_PROF_PCIE_TX_BYTES,nvidia-dcgm-exporter,nvidia4,gpu-metrics,4,192.241.129.18:9400,nvidia-dcgm-exporter,NVIDIA A100-SXM4-80GB,nvidia-gpu-operator,nvidia-dcgm-exporter-xq25l,openshift-monitoring/k8s,nvidia-dcgm-exporter,1116397.0,,,
2024-05-21 18:30:13.667999983,NVIDIA,6.16,G506.0210.00.03,2.0,1652523021837,92.00.45.00.05,535.104.05,12.535.104.05,fmaas-devstage-backen-9cjgj-worker-a100-il-rdma-3-jx6tm,GPU-b30541a1-5408-9bb3-d9fa-12665d1e7472,DCGM_FI_PROF_PCIE_TX_BYTES,nvidia-dcgm-exporter,nvidia4,gpu-metrics,4,192.241.129.18:9400,nvidia-dcgm-exporter,NVIDIA A100-SXM4-80GB,nvidia-gpu-operator,nvidia-dcgm-exporter-xq25l,openshift-monitoring/k8s,nvidia-dcgm-exporter,254376.0,,,
2024-05-21 18:30:43.667999983,NVIDIA,6.16,G506.0210.00.03,2.0,1652523021837,92.00.45.00.05,535.104.05,12.535.104.05,fmaas-devstage-backen-9cjgj-worker-a100-il-rdma-3-jx6tm,GPU-b30541a1-5408-9bb3-d9fa-12665d1e7472,DCGM_FI_PROF_PCIE_TX_BYTES,nvidia-dcgm-exporter,nvidia4,gpu-metrics,4,192.241.129.18:9400,nvidia-dcgm-exporter,NVIDIA A100-SXM4-80GB,nvidia-gpu-operator,nvidia-dcgm-exporter-xq25l,openshift-monitoring/k8s,nvidia-dcgm-exporter,1160074.0,,,
2024-05-21 18:31:13.667999983,NVIDIA,6.16,G506.0210.00.03,2.0,1652523021837,92.00.45.00.05,535.104.05,12.535.104.05,fmaas-devstage-backen-9cjgj-worker-a100-il-rdma-3-jx6tm,GPU-b30541a1-5408-9bb3-d9fa-12665d1e7472,DCGM_FI_PROF_PCIE_TX_BYTES,nvidia-dcgm-exporter,nvidia4,gpu-metrics,4,192.241.129.18:9400,nvidia-dcgm-exporter,NVIDIA A100-SXM4-80GB,nvidia-gpu-operator,nvidia-dcgm-exporter-xq25l,openshift-monitoring/k8s,nvidia-dcgm-exporter,282051.0,,,
2024-05-21 18:31:43.667999983,NVIDIA,6.16,G506.0210.00.03,2.0,1652523021837,92.00.45.00.05,535.104.05,12.535.104.05,fmaas-devstage-backen-9cjgj-worker-a100-il-rdma-3-jx6tm,GPU-b30541a1-5408-9bb3-d9fa-12665d1e7472,DCGM_FI_PROF_PCIE_TX_BYTES,nvidia-dcgm-exporter,nvidia4,gpu-metrics,4,192.241.129.18:9400,nvidia-dcgm-exporter,NVIDIA A100-SXM4-80GB,nvidia-gpu-operator,nvidia-dcgm-exporter-xq25l,openshift-monitoring/k8s,nvidia-dcgm-exporter,183166.0,,,
2024-05-21 18:32:13.667999983,NVIDIA,6.16,G506.0210.00.03,2.0,1652523021837,92.00.45.00.05,535.104.05,12.535.104.05,fmaas-devstage-backen-9cjgj-worker-a100-il-rdma-3-jx6tm,GPU-b30541a1-5408-9bb3-d9fa-12665d1e7472,DCGM_FI_PROF_PCIE_TX_BYTES,nvidia-dcgm-exporter,nvidia4,gpu-metrics,4,192.241.129.18:9400,nvidia-dcgm-exporter,NVIDIA A100-SXM4-80GB,nvidia-gpu-operator,nvidia-dcgm-exporter-xq25l,openshift-monitoring/k8s,nvidia-dcgm-exporter,237431.0,,,
2024-05-21 18:32:43.667999983,NVIDIA,6.16,G506.0210.00.03,2.0,1652523021837,92.00.45.00.05,535.104.05,12.535.104.05,fmaas-devstage-backen-9cjgj-worker-a100-il-rdma-3-jx6tm,GPU-b30541a1-5408-9bb3-d9fa-12665d1e7472,DCGM_FI_PROF_PCIE_TX_BYTES,nvidia-dcgm-exporter,nvidia4,gpu-metrics,4,192.241.129.18:9400,nvidia-dcgm-exporter,NVIDIA A100-SXM4-80GB,nvidia-gpu-operator,nvidia-dcgm-exporter-xq25l,openshift-monitoring/k8s,nvidia-dcgm-exporter,223512.0,,,
2024-05-21 18:33:13.667999983,NVIDIA,6.16,G506.0210.00.03,2.0,1652523021837,92.00.45.00.05,535.104.05,12.535.104.05,fmaas-devstage-backen-9cjgj-worker-a100-il-rdma-3-jx6tm,GPU-b30541a1-5408-9bb3-d9fa-12665d1e7472,DCGM_FI_PROF_PCIE_TX_BYTES,nvidia-dcgm-exporter,nvidia4,gpu-metrics,4,192.241.129.18:9400,nvidia-dcgm-exporter,NVIDIA A100-SXM4-80GB,nvidia-gpu-operator,nvidia-dcgm-exporter-xq25l,openshift-monitoring/k8s,nvidia-dcgm-exporter,242531.0,,,
2024-05-21 18:33:43.667999983,NVIDIA,6.16,G506.0210.00.03,2.0,1652523021837,92.00.45.00.05,535.104.05,12.535.104.05,fmaas-devstage-backen-9cjgj-worker-a100-il-rdma-3-jx6tm,GPU-b30541a1-5408-9bb3-d9fa-12665d1e7472,DCGM_FI_PROF_PCIE_TX_BYTES,nvidia-dcgm-exporter,nvidia4,gpu-metrics,4,192.241.129.18:9400,nvidia-dcgm-exporter,NVIDIA A100-SXM4-80GB,nvidia-gpu-operator,nvidia-dcgm-exporter-xq25l,openshift-monitoring/k8s,nvidia-dcgm-exporter,141299.0,,,
2024-05-21 18:34:13.667999983,NVIDIA,6.16,G506.0210.00.03,2.0,1652523021837,92.00.45.00.05,535.104.05,12.535.104.05,fmaas-devstage-backen-9cjgj-worker-a100-il-rdma-3-jx6tm,GPU-b30541a1-5408-9bb3-d9fa-12665d1e7472,DCGM_FI_PROF_PCIE_TX_BYTES,nvidia-dcgm-exporter,nvidia4,gpu-metrics,4,192.241.129.18:9400,nvidia-dcgm-exporter,NVIDIA A100-SXM4-80GB,nvidia-gpu-operator,nvidia-dcgm-exporter-xq25l,openshift-monitoring/k8s,nvidia-dcgm-exporter,609856.0,,,
2024-05-21 18:34:43.667999983,NVIDIA,6.16,G506.0210.00.03,2.0,1652523021837,92.00.45.00.05,535.104.05,12.535.104.05,fmaas-devstage-backen-9cjgj-worker-a100-il-rdma-3-jx6tm,GPU-b30541a1-5408-9bb3-d9fa-12665d1e7472,DCGM_FI_PROF_PCIE_TX_BYTES,nvidia-dcgm-exporter,nvidia4,gpu-metrics,4,192.241.129.18:9400,nvidia-dcgm-exporter,NVIDIA A100-SXM4-80GB,nvidia-gpu-operator,nvidia-dcgm-exporter-xq25l,openshift-monitoring/k8s,nvidia-dcgm-exporter,310819.0,,,
2024-05-21 18:35:13.667999983,NVIDIA,6.16,G506.0210.00.03,2.0,1652523021837,92.00.45.00.05,535.104.05,12.535.104.05,fmaas-devstage-backen-9cjgj-worker-a100-il-rdma-3-jx6tm,GPU-b30541a1-5408-9bb3-d9fa-12665d1e7472,DCGM_FI_PROF_PCIE_TX_BYTES,nvidia-dcgm-exporter,nvidia4,gpu-metrics,4,192.241.129.18:9400,nvidia-dcgm-exporter,NVIDIA A100-SXM4-80GB,nvidia-gpu-operator,nvidia-dcgm-exporter-xq25l,openshift-monitoring/k8s,nvidia-dcgm-exporter,228685.0,,,
2024-05-21 18:35:43.667999983,NVIDIA,6.16,G506.0210.00.03,2.0,1652523021837,92.00.45.00.05,535.104.05,12.535.104.05,fmaas-devstage-backen-9cjgj-worker-a100-il-rdma-3-jx6tm,GPU-b30541a1-5408-9bb3-d9fa-12665d1e7472,DCGM_FI_PROF_PCIE_TX_BYTES,nvidia-dcgm-exporter,nvidia4,gpu-metrics,4,192.241.129.18:9400,nvidia-dcgm-exporter,NVIDIA A100-SXM4-80GB,nvidia-gpu-operator,nvidia-dcgm-exporter-xq25l,openshift-monitoring/k8s,nvidia-dcgm-exporter,127782.0,,,
2024-05-21 18:36:13.667999983,NVIDIA,6.16,G506.0210.00.03,2.0,1652523021837,92.00.45.00.05,535.104.05,12.535.104.05,fmaas-devstage-backen-9cjgj-worker-a100-il-rdma-3-jx6tm,GPU-b30541a1-5408-9bb3-d9fa-12665d1e7472,DCGM_FI_PROF_PCIE_TX_BYTES,nvidia-dcgm-exporter,nvidia4,gpu-metrics,4,192.241.129.18:9400,nvidia-dcgm-exporter,NVIDIA A100-SXM4-80GB,nvidia-gpu-operator,nvidia-dcgm-exporter-xq25l,openshift-monitoring/k8s,nvidia-dcgm-exporter,657257.0,,,
2024-05-21 18:26:30.772000074,NVIDIA,6.16,G506.0210.00.03,2.0,1652523023451,92.00.45.00.05,535.104.05,12.535.104.05,fmaas-devstage-backen-9cjgj-worker-a100-il-rdma-3-jx6tm,GPU-5a7be2c2-efcc-3083-73b1-eee12a966584,DCGM_FI_PROF_PCIE_TX_BYTES,nvidia-dcgm-exporter,nvidia0,gpu-metrics,0,192.241.129.18:9400,nvidia-dcgm-exporter,NVIDIA A100-SXM4-80GB,nvidia-gpu-operator,nvidia-dcgm-exporter-xq25l,openshift-monitoring/k8s,nvidia-dcgm-exporter,220348.0,,,
2024-05-21 18:26:43.667999983,NVIDIA,6.16,G506.0210.00.03,2.0,1652523023451,92.00.45.00.05,535.104.05,12.535.104.05,fmaas-devstage-backen-9cjgj-worker-a100-il-rdma-3-jx6tm,GPU-5a7be2c2-efcc-3083-73b1-eee12a966584,DCGM_FI_PROF_PCIE_TX_BYTES,nvidia-dcgm-exporter,nvidia0,gpu-metrics,0,192.241.129.18:9400,nvidia-dcgm-exporter,NVIDIA A100-SXM4-80GB,nvidia-gpu-operator,nvidia-dcgm-exporter-xq25l,openshift-monitoring/k8s,nvidia-dcgm-exporter,149188.0,,,
2024-05-21 18:27:13.667999983,NVIDIA,6.16,G506.0210.00.03,2.0,1652523023451,92.00.45.00.05,535.104.05,12.535.104.05,fmaas-devstage-backen-9cjgj-worker-a100-il-rdma-3-jx6tm,GPU-5a7be2c2-efcc-3083-73b1-eee12a966584,DCGM_FI_PROF_PCIE_TX_BYTES,nvidia-dcgm-exporter,nvidia0,gpu-metrics,0,192.241.129.18:9400,nvidia-dcgm-exporter,NVIDIA A100-SXM4-80GB,nvidia-gpu-operator,nvidia-dcgm-exporter-xq25l,openshift-monitoring/k8s,nvidia-dcgm-exporter,131141.0,,,
2024-05-21 18:27:43.667999983,NVIDIA,6.16,G506.0210.00.03,2.0,1652523023451,92.00.45.00.05,535.104.05,12.535.104.05,fmaas-devstage-backen-9cjgj-worker-a100-il-rdma-3-jx6tm,GPU-5a7be2c2-efcc-3083-73b1-eee12a966584,DCGM_FI_PROF_PCIE_TX_BYTES,nvidia-dcgm-exporter,nvidia0,gpu-metrics,0,192.241.129.18:9400,nvidia-dcgm-exporter,NVIDIA A100-SXM4-80GB,nvidia-gpu-operator,nvidia-dcgm-exporter-xq25l,openshift-monitoring/k8s,nvidia-dcgm-exporter,440017.0,,,
2024-05-21 18:28:13.667999983,NVIDIA,6.16,G506.0210.00.03,2.0,1652523023451,92.00.45.00.05,535.104.05,12.535.104.05,fmaas-devstage-backen-9cjgj-worker-a100-il-rdma-3-jx6tm,GPU-5a7be2c2-efcc-3083-73b1-eee12a966584,DCGM_FI_PROF_PCIE_TX_BYTES,nvidia-dcgm-exporter,nvidia0,gpu-metrics,0,192.241.129.18:9400,nvidia-dcgm-exporter,NVIDIA A100-SXM4-80GB,nvidia-gpu-operator,nvidia-dcgm-exporter-xq25l,openshift-monitoring/k8s,nvidia-dcgm-exporter,174324.0,,,
2024-05-21 18:28:43.667999983,NVIDIA,6.16,G506.0210.00.03,2.0,1652523023451,92.00.45.00.05,535.104.05,12.535.104.05,fmaas-devstage-backen-9cjgj-worker-a100-il-rdma-3-jx6tm,GPU-5a7be2c2-efcc-3083-73b1-eee12a966584,DCGM_FI_PROF_PCIE_TX_BYTES,nvidia-dcgm-exporter,nvidia0,gpu-metrics,0,192.241.129.18:9400,nvidia-dcgm-exporter,NVIDIA A100-SXM4-80GB,nvidia-gpu-operator,nvidia-dcgm-exporter-xq25l,openshift-monitoring/k8s,nvidia-dcgm-exporter,136744.0,,,
2024-05-21 18:29:13.667999983,NVIDIA,6.16,G506.0210.00.03,2.0,1652523023451,92.00.45.00.05,535.104.05,12.535.104.05,fmaas-devstage-backen-9cjgj-worker-a100-il-rdma-3-jx6tm,GPU-5a7be2c2-efcc-3083-73b1-eee12a966584,DCGM_FI_PROF_PCIE_TX_BYTES,nvidia-dcgm-exporter,nvidia0,gpu-metrics,0,192.241.129.18:9400,nvidia-dcgm-exporter,NVIDIA A100-SXM4-80GB,nvidia-gpu-operator,nvidia-dcgm-exporter-xq25l,openshift-monitoring/k8s,nvidia-dcgm-exporter,340327.0,,,
2024-05-21 18:29:43.667999983,NVIDIA,6.16,G506.0210.00.03,2.0,1652523023451,92.00.45.00.05,535.104.05,12.535.104.05,fmaas-devstage-backen-9cjgj-worker-a100-il-rdma-3-jx6tm,GPU-5a7be2c2-efcc-3083-73b1-eee12a966584,DCGM_FI_PROF_PCIE_TX_BYTES,nvidia-dcgm-exporter,nvidia0,gpu-metrics,0,192.241.129.18:9400,nvidia-dcgm-exporter,NVIDIA A100-SXM4-80GB,nvidia-gpu-operator,nvidia-dcgm-exporter-xq25l,openshift-monitoring/k8s,nvidia-dcgm-exporter,1546075.0,,,
2024-05-21 18:30:13.667999983,NVIDIA,6.16,G506.0210.00.03,2.0,1652523023451,92.00.45.00.05,535.104.05,12.535.104.05,fmaas-devstage-backen-9cjgj-worker-a100-il-rdma-3-jx6tm,GPU-5a7be2c2-efcc-3083-73b1-eee12a966584,DCGM_FI_PROF_PCIE_TX_BYTES,nvidia-dcgm-exporter,nvidia0,gpu-metrics,0,192.241.129.18:9400,nvidia-dcgm-exporter,NVIDIA A100-SXM4-80GB,nvidia-gpu-operator,nvidia-dcgm-exporter-xq25l,openshift-monitoring/k8s,nvidia-dcgm-exporter,97618.0,,,
2024-05-21 18:30:43.667999983,NVIDIA,6.16,G506.0210.00.03,2.0,1652523023451,92.00.45.00.05,535.104.05,12.535.104.05,fmaas-devstage-backen-9cjgj-worker-a100-il-rdma-3-jx6tm,GPU-5a7be2c2-efcc-3083-73b1-eee12a966584,DCGM_FI_PROF_PCIE_TX_BYTES,nvidia-dcgm-exporter,nvidia0,gpu-metrics,0,192.241.129.18:9400,nvidia-dcgm-exporter,NVIDIA A100-SXM4-80GB,nvidia-gpu-operator,nvidia-dcgm-exporter-xq25l,openshift-monitoring/k8s,nvidia-dcgm-exporter,4475248.0,,,
2024-05-21 18:31:13.667999983,NVIDIA,6.16,G506.0210.00.03,2.0,1652523023451,92.00.45.00.05,535.104.05,12.535.104.05,fmaas-devstage-backen-9cjgj-worker-a100-il-rdma-3-jx6tm,GPU-5a7be2c2-efcc-3083-73b1-eee12a966584,DCGM_FI_PROF_PCIE_TX_BYTES,nvidia-dcgm-exporter,nvidia0,gpu-metrics,0,192.241.129.18:9400,nvidia-dcgm-exporter,NVIDIA A100-SXM4-80GB,nvidia-gpu-operator,nvidia-dcgm-exporter-xq25l,openshift-monitoring/k8s,nvidia-dcgm-exporter,334455.0,,,
2024-05-21 18:31:43.667999983,NVIDIA,6.16,G506.0210.00.03,2.0,1652523023451,92.00.45.00.05,535.104.05,12.535.104.05,fmaas-devstage-backen-9cjgj-worker-a100-il-rdma-3-jx6tm,GPU-5a7be2c2-efcc-3083-73b1-eee12a966584,DCGM_FI_PROF_PCIE_TX_BYTES,nvidia-dcgm-exporter,nvidia0,gpu-metrics,0,192.241.129.18:9400,nvidia-dcgm-exporter,NVIDIA A100-SXM4-80GB,nvidia-gpu-operator,nvidia-dcgm-exporter-xq25l,openshift-monitoring/k8s,nvidia-dcgm-exporter,218624.0,,,
2024-05-21 18:32:13.667999983,NVIDIA,6.16,G506.0210.00.03,2.0,1652523023451,92.00.45.00.05,535.104.05,12.535.104.05,fmaas-devstage-backen-9cjgj-worker-a100-il-rdma-3-jx6tm,GPU-5a7be2c2-efcc-3083-73b1-eee12a966584,DCGM_FI_PROF_PCIE_TX_BYTES,nvidia-dcgm-exporter,nvidia0,gpu-metrics,0,192.241.129.18:9400,nvidia-dcgm-exporter,NVIDIA A100-SXM4-80GB,nvidia-gpu-operator,nvidia-dcgm-exporter-xq25l,openshift-monitoring/k8s,nvidia-dcgm-exporter,378094.0,,,
2024-05-21 18:32:43.667999983,NVIDIA,6.16,G506.0210.00.03,2.0,1652523023451,92.00.45.00.05,535.104.05,12.535.104.05,fmaas-devstage-backen-9cjgj-worker-a100-il-rdma-3-jx6tm,GPU-5a7be2c2-efcc-3083-73b1-eee12a966584,DCGM_FI_PROF_PCIE_TX_BYTES,nvidia-dcgm-exporter,nvidia0,gpu-metrics,0,192.241.129.18:9400,nvidia-dcgm-exporter,NVIDIA A100-SXM4-80GB,nvidia-gpu-operator,nvidia-dcgm-exporter-xq25l,openshift-monitoring/k8s,nvidia-dcgm-exporter,148818.0,,,
2024-05-21 18:33:13.667999983,NVIDIA,6.16,G506.0210.00.03,2.0,1652523023451,92.00.45.00.05,535.104.05,12.535.104.05,fmaas-devstage-backen-9cjgj-worker-a100-il-rdma-3-jx6tm,GPU-5a7be2c2-efcc-3083-73b1-eee12a966584,DCGM_FI_PROF_PCIE_TX_BYTES,nvidia-dcgm-exporter,nvidia0,gpu-metrics,0,192.241.129.18:9400,nvidia-dcgm-exporter,NVIDIA A100-SXM4-80GB,nvidia-gpu-operator,nvidia-dcgm-exporter-xq25l,openshift-monitoring/k8s,nvidia-dcgm-exporter,391506.0,,,
2024-05-21 18:33:43.667999983,NVIDIA,6.16,G506.0210.00.03,2.0,1652523023451,92.00.45.00.05,535.104.05,12.535.104.05,fmaas-devstage-backen-9cjgj-worker-a100-il-rdma-3-jx6tm,GPU-5a7be2c2-efcc-3083-73b1-eee12a966584,DCGM_FI_PROF_PCIE_TX_BYTES,nvidia-dcgm-exporter,nvidia0,gpu-metrics,0,192.241.129.18:9400,nvidia-dcgm-exporter,NVIDIA A100-SXM4-80GB,nvidia-gpu-operator,nvidia-dcgm-exporter-xq25l,openshift-monitoring/k8s,nvidia-dcgm-exporter,229595.0,,,
2024-05-21 18:34:13.667999983,NVIDIA,6.16,G506.0210.00.03,2.0,1652523023451,92.00.45.00.05,535.104.05,12.535.104.05,fmaas-devstage-backen-9cjgj-worker-a100-il-rdma-3-jx6tm,GPU-5a7be2c2-efcc-3083-73b1-eee12a966584,DCGM_FI_PROF_PCIE_TX_BYTES,nvidia-dcgm-exporter,nvidia0,gpu-metrics,0,192.241.129.18:9400,nvidia-dcgm-exporter,NVIDIA A100-SXM4-80GB,nvidia-gpu-operator,nvidia-dcgm-exporter-xq25l,openshift-monitoring/k8s,nvidia-dcgm-exporter,248419.0,,,
2024-05-21 18:34:43.667999983,NVIDIA,6.16,G506.0210.00.03,2.0,1652523023451,92.00.45.00.05,535.104.05,12.535.104.05,fmaas-devstage-backen-9cjgj-worker-a100-il-rdma-3-jx6tm,GPU-5a7be2c2-efcc-3083-73b1-eee12a966584,DCGM_FI_PROF_PCIE_TX_BYTES,nvidia-dcgm-exporter,nvidia0,gpu-metrics,0,192.241.129.18:9400,nvidia-dcgm-exporter,NVIDIA A100-SXM4-80GB,nvidia-gpu-operator,nvidia-dcgm-exporter-xq25l,openshift-monitoring/k8s,nvidia-dcgm-exporter,173532.0,,,
2024-05-21 18:35:13.667999983,NVIDIA,6.16,G506.0210.00.03,2.0,1652523023451,92.00.45.00.05,535.104.05,12.535.104.05,fmaas-devstage-backen-9cjgj-worker-a100-il-rdma-3-jx6tm,GPU-5a7be2c2-efcc-3083-73b1-eee12a966584,DCGM_FI_PROF_PCIE_TX_BYTES,nvidia-dcgm-exporter,nvidia0,gpu-metrics,0,192.241.129.18:9400,nvidia-dcgm-exporter,NVIDIA A100-SXM4-80GB,nvidia-gpu-operator,nvidia-dcgm-exporter-xq25l,openshift-monitoring/k8s,nvidia-dcgm-exporter,396499.0,,,
2024-05-21 18:35:43.667999983,NVIDIA,6.16,G506.0210.00.03,2.0,1652523023451,92.00.45.00.05,535.104.05,12.535.104.05,fmaas-devstage-backen-9cjgj-worker-a100-il-rdma-3-jx6tm,GPU-5a7be2c2-efcc-3083-73b1-eee12a966584,DCGM_FI_PROF_PCIE_TX_BYTES,nvidia-dcgm-exporter,nvidia0,gpu-metrics,0,192.241.129.18:9400,nvidia-dcgm-exporter,NVIDIA A100-SXM4-80GB,nvidia-gpu-operator,nvidia-dcgm-exporter-xq25l,openshift-monitoring/k8s,nvidia-dcgm-exporter,227439.0,,,
2024-05-21 18:36:13.667999983,NVIDIA,6.16,G506.0210.00.03,2.0,1652523023451,92.00.45.00.05,535.104.05,12.535.104.05,fmaas-devstage-backen-9cjgj-worker-a100-il-rdma-3-jx6tm,GPU-5a7be2c2-efcc-3083-73b1-eee12a966584,DCGM_FI_PROF_PCIE_TX_BYTES,nvidia-dcgm-exporter,nvidia0,gpu-metrics,0,192.241.129.18:9400,nvidia-dcgm-exporter,NVIDIA A100-SXM4-80GB,nvidia-gpu-operator,nvidia-dcgm-exporter-xq25l,openshift-monitoring/k8s,nvidia-dcgm-exporter,417519.0,,,
2024-05-21 18:36:30.772000074,NVIDIA,6.16,G506.0210.00.03,2.0,1652523001873,92.00.45.00.05,535.104.05,12.535.104.05,fmaas-devstage-backen-9cjgj-worker-a100-il-rdma-3-jx6tm,GPU-005a31d4-76ae-2dd3-af84-3b7039e24835,DCGM_FI_PROF_PCIE_TX_BYTES,nvidia-dcgm-exporter,nvidia6,gpu-metrics,6,192.241.129.18:9400,nvidia-dcgm-exporter,NVIDIA A100-SXM4-80GB,nvidia-gpu-operator,nvidia-dcgm-exporter-xq25l,openshift-monitoring/k8s,nvidia-dcgm-exporter,540670.0,,,
2024-05-21 18:36:43.667999983,NVIDIA,6.16,G506.0210.00.03,2.0,1652523001873,92.00.45.00.05,535.104.05,12.535.104.05,fmaas-devstage-backen-9cjgj-worker-a100-il-rdma-3-jx6tm,GPU-005a31d4-76ae-2dd3-af84-3b7039e24835,DCGM_FI_PROF_PCIE_TX_BYTES,nvidia-dcgm-exporter,nvidia6,gpu-metrics,6,192.241.129.18:9400,nvidia-dcgm-exporter,NVIDIA A100-SXM4-80GB,nvidia-gpu-operator,nvidia-dcgm-exporter-xq25l,openshift-monitoring/k8s,nvidia-dcgm-exporter,588207.0,,,
2024-05-21 18:37:13.667999983,NVIDIA,6.16,G506.0210.00.03,2.0,1652523001873,92.00.45.00.05,535.104.05,12.535.104.05,fmaas-devstage-backen-9cjgj-worker-a100-il-rdma-3-jx6tm,GPU-005a31d4-76ae-2dd3-af84-3b7039e24835,DCGM_FI_PROF_PCIE_TX_BYTES,nvidia-dcgm-exporter,nvidia6,gpu-metrics,6,192.241.129.18:9400,nvidia-dcgm-exporter,NVIDIA A100-SXM4-80GB,nvidia-gpu-operator,nvidia-dcgm-exporter-xq25l,openshift-monitoring/k8s,nvidia-dcgm-exporter,375083.0,,,
2024-05-21 18:37:43.667999983,NVIDIA,6.16,G506.0210.00.03,2.0,1652523001873,92.00.45.00.05,535.104.05,12.535.104.05,fmaas-devstage-backen-9cjgj-worker-a100-il-rdma-3-jx6tm,GPU-005a31d4-76ae-2dd3-af84-3b7039e24835,DCGM_FI_PROF_PCIE_TX_BYTES,nvidia-dcgm-exporter,nvidia6,gpu-metrics,6,192.241.129.18:9400,nvidia-dcgm-exporter,NVIDIA A100-SXM4-80GB,nvidia-gpu-operator,nvidia-dcgm-exporter-xq25l,openshift-monitoring/k8s,nvidia-dcgm-exporter,90783.0,,,
2024-05-21 18:38:13.667999983,NVIDIA,6.16,G506.0210.00.03,2.0,1652523001873,92.00.45.00.05,535.104.05,12.535.104.05,fmaas-devstage-backen-9cjgj-worker-a100-il-rdma-3-jx6tm,GPU-005a31d4-76ae-2dd3-af84-3b7039e24835,DCGM_FI_PROF_PCIE_TX_BYTES,nvidia-dcgm-exporter,nvidia6,gpu-metrics,6,192.241.129.18:9400,nvidia-dcgm-exporter,NVIDIA A100-SXM4-80GB,nvidia-gpu-operator,nvidia-dcgm-exporter-xq25l,openshift-monitoring/k8s,nvidia-dcgm-exporter,386968.0,,,
2024-05-21 18:38:43.667999983,NVIDIA,6.16,G506.0210.00.03,2.0,1652523001873,92.00.45.00.05,535.104.05,12.535.104.05,fmaas-devstage-backen-9cjgj-worker-a100-il-rdma-3-jx6tm,GPU-005a31d4-76ae-2dd3-af84-3b7039e24835,DCGM_FI_PROF_PCIE_TX_BYTES,nvidia-dcgm-exporter,nvidia6,gpu-metrics,6,192.241.129.18:9400,nvidia-dcgm-exporter,NVIDIA A100-SXM4-80GB,nvidia-gpu-operator,nvidia-dcgm-exporter-xq25l,openshift-monitoring/k8s,nvidia-dcgm-exporter,504693.0,,,
2024-05-21 18:39:13.667999983,NVIDIA,6.16,G506.0210.00.03,2.0,1652523001873,92.00.45.00.05,535.104.05,12.535.104.05,fmaas-devstage-backen-9cjgj-worker-a100-il-rdma-3-jx6tm,GPU-005a31d4-76ae-2dd3-af84-3b7039e24835,DCGM_FI_PROF_PCIE_TX_BYTES,nvidia-dcgm-exporter,nvidia6,gpu-metrics,6,192.241.129.18:9400,nvidia-dcgm-exporter,NVIDIA A100-SXM4-80GB,nvidia-gpu-operator,nvidia-dcgm-exporter-xq25l,openshift-monitoring/k8s,nvidia-dcgm-exporter,331102.0,,,
2024-05-21 18:39:43.667999983,NVIDIA,6.16,G506.0210.00.03,2.0,1652523001873,92.00.45.00.05,535.104.05,12.535.104.05,fmaas-devstage-backen-9cjgj-worker-a100-il-rdma-3-jx6tm,GPU-005a31d4-76ae-2dd3-af84-3b7039e24835,DCGM_FI_PROF_PCIE_TX_BYTES,nvidia-dcgm-exporter,nvidia6,gpu-metrics,6,192.241.129.18:9400,nvidia-dcgm-exporter,NVIDIA A100-SXM4-80GB,nvidia-gpu-operator,nvidia-dcgm-exporter-xq25l,openshift-monitoring/k8s,nvidia-dcgm-exporter,179540.0,,,
2024-05-21 18:40:13.667999983,NVIDIA,6.16,G506.0210.00.03,2.0,1652523001873,92.00.45.00.05,535.104.05,12.535.104.05,fmaas-devstage-backen-9cjgj-worker-a100-il-rdma-3-jx6tm,GPU-005a31d4-76ae-2dd3-af84-3b7039e24835,DCGM_FI_PROF_PCIE_TX_BYTES,nvidia-dcgm-exporter,nvidia6,gpu-metrics,6,192.241.129.18:9400,nvidia-dcgm-exporter,NVIDIA A100-SXM4-80GB,nvidia-gpu-operator,nvidia-dcgm-exporter-xq25l,openshift-monitoring/k8s,nvidia-dcgm-exporter,1111968.0,,,
2024-05-21 18:40:43.667999983,NVIDIA,6.16,G506.0210.00.03,2.0,1652523001873,92.00.45.00.05,535.104.05,12.535.104.05,fmaas-devstage-backen-9cjgj-worker-a100-il-rdma-3-jx6tm,GPU-005a31d4-76ae-2dd3-af84-3b7039e24835,DCGM_FI_PROF_PCIE_TX_BYTES,nvidia-dcgm-exporter,nvidia6,gpu-metrics,6,192.241.129.18:9400,nvidia-dcgm-exporter,NVIDIA A100-SXM4-80GB,nvidia-gpu-operator,nvidia-dcgm-exporter-xq25l,openshift-monitoring/k8s,nvidia-dcgm-exporter,265379.0,,,
2024-05-21 18:41:13.667999983,NVIDIA,6.16,G506.0210.00.03,2.0,1652523001873,92.00.45.00.05,535.104.05,12.535.104.05,fmaas-devstage-backen-9cjgj-worker-a100-il-rdma-3-jx6tm,GPU-005a31d4-76ae-2dd3-af84-3b7039e24835,DCGM_FI_PROF_PCIE_TX_BYTES,nvidia-dcgm-exporter,nvidia6,gpu-metrics,6,192.241.129.18:9400,nvidia-dcgm-exporter,NVIDIA A100-SXM4-80GB,nvidia-gpu-operator,nvidia-dcgm-exporter-xq25l,openshift-monitoring/k8s,nvidia-dcgm-exporter,137289.0,,,
2024-05-21 18:41:43.667999983,NVIDIA,6.16,G506.0210.00.03,2.0,1652523001873,92.00.45.00.05,535.104.05,12.535.104.05,fmaas-devstage-backen-9cjgj-worker-a100-il-rdma-3-jx6tm,GPU-005a31d4-76ae-2dd3-af84-3b7039e24835,DCGM_FI_PROF_PCIE_TX_BYTES,nvidia-dcgm-exporter,nvidia6,gpu-metrics,6,192.241.129.18:9400,nvidia-dcgm-exporter,NVIDIA A100-SXM4-80GB,nvidia-gpu-operator,nvidia-dcgm-exporter-xq25l,openshift-monitoring/k8s,nvidia-dcgm-exporter,452336.0,,,
2024-05-21 18:42:13.667999983,NVIDIA,6.16,G506.0210.00.03,2.0,1652523001873,92.00.45.00.05,535.104.05,12.535.104.05,fmaas-devstage-backen-9cjgj-worker-a100-il-rdma-3-jx6tm,GPU-005a31d4-76ae-2dd3-af84-3b7039e24835,DCGM_FI_PROF_PCIE_TX_BYTES,nvidia-dcgm-exporter,nvidia6,gpu-metrics,6,192.241.129.18:9400,nvidia-dcgm-exporter,NVIDIA A100-SXM4-80GB,nvidia-gpu-operator,nvidia-dcgm-exporter-xq25l,openshift-monitoring/k8s,nvidia-dcgm-exporter,210715.0,,,
2024-05-21 18:42:43.667999983,NVIDIA,6.16,G506.0210.00.03,2.0,1652523001873,92.00.45.00.05,535.104.05,12.535.104.05,fmaas-devstage-backen-9cjgj-worker-a100-il-rdma-3-jx6tm,GPU-005a31d4-76ae-2dd3-af84-3b7039e24835,DCGM_FI_PROF_PCIE_TX_BYTES,nvidia-dcgm-exporter,nvidia6,gpu-metrics,6,192.241.129.18:9400,nvidia-dcgm-exporter,NVIDIA A100-SXM4-80GB,nvidia-gpu-operator,nvidia-dcgm-exporter-xq25l,openshift-monitoring/k8s,nvidia-dcgm-exporter,207009.0,,,
2024-05-21 18:43:13.667999983,NVIDIA,6.16,G506.0210.00.03,2.0,1652523001873,92.00.45.00.05,535.104.05,12.535.104.05,fmaas-devstage-backen-9cjgj-worker-a100-il-rdma-3-jx6tm,GPU-005a31d4-76ae-2dd3-af84-3b7039e24835,DCGM_FI_PROF_PCIE_TX_BYTES,nvidia-dcgm-exporter,nvidia6,gpu-metrics,6,192.241.129.18:9400,nvidia-dcgm-exporter,NVIDIA A100-SXM4-80GB,nvidia-gpu-operator,nvidia-dcgm-exporter-xq25l,openshift-monitoring/k8s,nvidia-dcgm-exporter,143584.0,,,
2024-05-21 18:43:43.667999983,NVIDIA,6.16,G506.0210.00.03,2.0,1652523001873,92.00.45.00.05,535.104.05,12.535.104.05,fmaas-devstage-backen-9cjgj-worker-a100-il-rdma-3-jx6tm,GPU-005a31d4-76ae-2dd3-af84-3b7039e24835,DCGM_FI_PROF_PCIE_TX_BYTES,nvidia-dcgm-exporter,nvidia6,gpu-metrics,6,192.241.129.18:9400,nvidia-dcgm-exporter,NVIDIA A100-SXM4-80GB,nvidia-gpu-operator,nvidia-dcgm-exporter-xq25l,openshift-monitoring/k8s,nvidia-dcgm-exporter,382990.0,,,
2024-05-21 18:44:13.667999983,NVIDIA,6.16,G506.0210.00.03,2.0,1652523001873,92.00.45.00.05,535.104.05,12.535.104.05,fmaas-devstage-backen-9cjgj-worker-a100-il-rdma-3-jx6tm,GPU-005a31d4-76ae-2dd3-af84-3b7039e24835,DCGM_FI_PROF_PCIE_TX_BYTES,nvidia-dcgm-exporter,nvidia6,gpu-metrics,6,192.241.129.18:9400,nvidia-dcgm-exporter,NVIDIA A100-SXM4-80GB,nvidia-gpu-operator,nvidia-dcgm-exporter-xq25l,openshift-monitoring/k8s,nvidia-dcgm-exporter,207659.0,,,
2024-05-21 18:44:43.667999983,NVIDIA,6.16,G506.0210.00.03,2.0,1652523001873,92.00.45.00.05,535.104.05,12.535.104.05,fmaas-devstage-backen-9cjgj-worker-a100-il-rdma-3-jx6tm,GPU-005a31d4-76ae-2dd3-af84-3b7039e24835,DCGM_FI_PROF_PCIE_TX_BYTES,nvidia-dcgm-exporter,nvidia6,gpu-metrics,6,192.241.129.18:9400,nvidia-dcgm-exporter,NVIDIA A100-SXM4-80GB,nvidia-gpu-operator,nvidia-dcgm-exporter-xq25l,openshift-monitoring/k8s,nvidia-dcgm-exporter,551592.0,,,
2024-05-21 18:45:13.667999983,NVIDIA,6.16,G506.0210.00.03,2.0,1652523001873,92.00.45.00.05,535.104.05,12.535.104.05,fmaas-devstage-backen-9cjgj-worker-a100-il-rdma-3-jx6tm,GPU-005a31d4-76ae-2dd3-af84-3b7039e24835,DCGM_FI_PROF_PCIE_TX_BYTES,nvidia-dcgm-exporter,nvidia6,gpu-metrics,6,192.241.129.18:9400,nvidia-dcgm-exporter,NVIDIA A100-SXM4-80GB,nvidia-gpu-operator,nvidia-dcgm-exporter-xq25l,openshift-monitoring/k8s,nvidia-dcgm-exporter,119860.0,,,
2024-05-21 18:45:43.667999983,NVIDIA,6.16,G506.0210.00.03,2.0,1652523001873,92.00.45.00.05,535.104.05,12.535.104.05,fmaas-devstage-backen-9cjgj-worker-a100-il-rdma-3-jx6tm,GPU-005a31d4-76ae-2dd3-af84-3b7039e24835,DCGM_FI_PROF_PCIE_TX_BYTES,nvidia-dcgm-exporter,nvidia6,gpu-metrics,6,192.241.129.18:9400,nvidia-dcgm-exporter,NVIDIA A100-SXM4-80GB,nvidia-gpu-operator,nvidia-dcgm-exporter-xq25l,openshift-monitoring/k8s,nvidia-dcgm-exporter,358600.0,,,
2024-05-21 18:46:13.667999983,NVIDIA,6.16,G506.0210.00.03,2.0,1652523001873,92.00.45.00.05,535.104.05,12.535.104.05,fmaas-devstage-backen-9cjgj-worker-a100-il-rdma-3-jx6tm,GPU-005a31d4-76ae-2dd3-af84-3b7039e24835,DCGM_FI_PROF_PCIE_TX_BYTES,nvidia-dcgm-exporter,nvidia6,gpu-metrics,6,192.241.129.18:9400,nvidia-dcgm-exporter,NVIDIA A100-SXM4-80GB,nvidia-gpu-operator,nvidia-dcgm-exporter-xq25l,openshift-monitoring/k8s,nvidia-dcgm-exporter,123239.0,,,
2024-05-21 18:36:30.772000074,NVIDIA,6.16,G506.0210.00.03,2.0,1652523002864,92.00.45.00.05,535.104.05,12.535.104.05,fmaas-devstage-backen-9cjgj-worker-a100-il-rdma-3-jx6tm,GPU-bd65bd70-5a12-7002-a705-315758f75144,DCGM_FI_PROF_PCIE_TX_BYTES,nvidia-dcgm-exporter,nvidia7,gpu-metrics,7,192.241.129.18:9400,nvidia-dcgm-exporter,NVIDIA A100-SXM4-80GB,nvidia-gpu-operator,nvidia-dcgm-exporter-xq25l,openshift-monitoring/k8s,nvidia-dcgm-exporter,756890.0,caikit-runtime,fmaas-tuning,devstage-cais-bcbf7c8fb-pxhmp
2024-05-21 18:36:43.667999983,NVIDIA,6.16,G506.0210.00.03,2.0,1652523002864,92.00.45.00.05,535.104.05,12.535.104.05,fmaas-devstage-backen-9cjgj-worker-a100-il-rdma-3-jx6tm,GPU-bd65bd70-5a12-7002-a705-315758f75144,DCGM_FI_PROF_PCIE_TX_BYTES,nvidia-dcgm-exporter,nvidia7,gpu-metrics,7,192.241.129.18:9400,nvidia-dcgm-exporter,NVIDIA A100-SXM4-80GB,nvidia-gpu-operator,nvidia-dcgm-exporter-xq25l,openshift-monitoring/k8s,nvidia-dcgm-exporter,790391.0,caikit-runtime,fmaas-tuning,devstage-cais-bcbf7c8fb-pxhmp
2024-05-21 18:37:13.667999983,NVIDIA,6.16,G506.0210.00.03,2.0,1652523002864,92.00.45.00.05,535.104.05,12.535.104.05,fmaas-devstage-backen-9cjgj-worker-a100-il-rdma-3-jx6tm,GPU-bd65bd70-5a12-7002-a705-315758f75144,DCGM_FI_PROF_PCIE_TX_BYTES,nvidia-dcgm-exporter,nvidia7,gpu-metrics,7,192.241.129.18:9400,nvidia-dcgm-exporter,NVIDIA A100-SXM4-80GB,nvidia-gpu-operator,nvidia-dcgm-exporter-xq25l,openshift-monitoring/k8s,nvidia-dcgm-exporter,142260.0,caikit-runtime,fmaas-tuning,devstage-cais-bcbf7c8fb-pxhmp
2024-05-21 18:37:43.667999983,NVIDIA,6.16,G506.0210.00.03,2.0,1652523002864,92.00.45.00.05,535.104.05,12.535.104.05,fmaas-devstage-backen-9cjgj-worker-a100-il-rdma-3-jx6tm,GPU-bd65bd70-5a12-7002-a705-315758f75144,DCGM_FI_PROF_PCIE_TX_BYTES,nvidia-dcgm-exporter,nvidia7,gpu-metrics,7,192.241.129.18:9400,nvidia-dcgm-exporter,NVIDIA A100-SXM4-80GB,nvidia-gpu-operator,nvidia-dcgm-exporter-xq25l,openshift-monitoring/k8s,nvidia-dcgm-exporter,56898.0,caikit-runtime,fmaas-tuning,devstage-cais-bcbf7c8fb-pxhmp
2024-05-21 18:38:13.667999983,NVIDIA,6.16,G506.0210.00.03,2.0,1652523002864,92.00.45.00.05,535.104.05,12.535.104.05,fmaas-devstage-backen-9cjgj-worker-a100-il-rdma-3-jx6tm,GPU-bd65bd70-5a12-7002-a705-315758f75144,DCGM_FI_PROF_PCIE_TX_BYTES,nvidia-dcgm-exporter,nvidia7,gpu-metrics,7,192.241.129.18:9400,nvidia-dcgm-exporter,NVIDIA A100-SXM4-80GB,nvidia-gpu-operator,nvidia-dcgm-exporter-xq25l,openshift-monitoring/k8s,nvidia-dcgm-exporter,586010.0,caikit-runtime,fmaas-tuning,devstage-cais-bcbf7c8fb-pxhmp
2024-05-21 18:38:43.667999983,NVIDIA,6.16,G506.0210.00.03,2.0,1652523002864,92.00.45.00.05,535.104.05,12.535.104.05,fmaas-devstage-backen-9cjgj-worker-a100-il-rdma-3-jx6tm,GPU-bd65bd70-5a12-7002-a705-315758f75144,DCGM_FI_PROF_PCIE_TX_BYTES,nvidia-dcgm-exporter,nvidia7,gpu-metrics,7,192.241.129.18:9400,nvidia-dcgm-exporter,NVIDIA A100-SXM4-80GB,nvidia-gpu-operator,nvidia-dcgm-exporter-xq25l,openshift-monitoring/k8s,nvidia-dcgm-exporter,777651.0,caikit-runtime,fmaas-tuning,devstage-cais-bcbf7c8fb-pxhmp
2024-05-21 18:39:13.667999983,NVIDIA,6.16,G506.0210.00.03,2.0,1652523002864,92.00.45.00.05,535.104.05,12.535.104.05,fmaas-devstage-backen-9cjgj-worker-a100-il-rdma-3-jx6tm,GPU-bd65bd70-5a12-7002-a705-315758f75144,DCGM_FI_PROF_PCIE_TX_BYTES,nvidia-dcgm-exporter,nvidia7,gpu-metrics,7,192.241.129.18:9400,nvidia-dcgm-exporter,NVIDIA A100-SXM4-80GB,nvidia-gpu-operator,nvidia-dcgm-exporter-xq25l,openshift-monitoring/k8s,nvidia-dcgm-exporter,129979.0,caikit-runtime,fmaas-tuning,devstage-cais-bcbf7c8fb-pxhmp
2024-05-21 18:39:43.667999983,NVIDIA,6.16,G506.0210.00.03,2.0,1652523002864,92.00.45.00.05,535.104.05,12.535.104.05,fmaas-devstage-backen-9cjgj-worker-a100-il-rdma-3-jx6tm,GPU-bd65bd70-5a12-7002-a705-315758f75144,DCGM_FI_PROF_PCIE_TX_BYTES,nvidia-dcgm-exporter,nvidia7,gpu-metrics,7,192.241.129.18:9400,nvidia-dcgm-exporter,NVIDIA A100-SXM4-80GB,nvidia-gpu-operator,nvidia-dcgm-exporter-xq25l,openshift-monitoring/k8s,nvidia-dcgm-exporter,82834.0,caikit-runtime,fmaas-tuning,devstage-cais-bcbf7c8fb-pxhmp
2024-05-21 18:40:13.667999983,NVIDIA,6.16,G506.0210.00.03,2.0,1652523002864,92.00.45.00.05,535.104.05,12.535.104.05,fmaas-devstage-backen-9cjgj-worker-a100-il-rdma-3-jx6tm,GPU-bd65bd70-5a12-7002-a705-315758f75144,DCGM_FI_PROF_PCIE_TX_BYTES,nvidia-dcgm-exporter,nvidia7,gpu-metrics,7,192.241.129.18:9400,nvidia-dcgm-exporter,NVIDIA A100-SXM4-80GB,nvidia-gpu-operator,nvidia-dcgm-exporter-xq25l,openshift-monitoring/k8s,nvidia-dcgm-exporter,1113289.0,caikit-runtime,fmaas-tuning,devstage-cais-bcbf7c8fb-pxhmp
2024-05-21 18:40:43.667999983,NVIDIA,6.16,G506.0210.00.03,2.0,1652523002864,92.00.45.00.05,535.104.05,12.535.104.05,fmaas-devstage-backen-9cjgj-worker-a100-il-rdma-3-jx6tm,GPU-bd65bd70-5a12-7002-a705-315758f75144,DCGM_FI_PROF_PCIE_TX_BYTES,nvidia-dcgm-exporter,nvidia7,gpu-metrics,7,192.241.129.18:9400,nvidia-dcgm-exporter,NVIDIA A100-SXM4-80GB,nvidia-gpu-operator,nvidia-dcgm-exporter-xq25l,openshift-monitoring/k8s,nvidia-dcgm-exporter,383510.0,caikit-runtime,fmaas-tuning,devstage-cais-bcbf7c8fb-pxhmp
2024-05-21 18:41:13.667999983,NVIDIA,6.16,G506.0210.00.03,2.0,1652523002864,92.00.45.00.05,535.104.05,12.535.104.05,fmaas-devstage-backen-9cjgj-worker-a100-il-rdma-3-jx6tm,GPU-bd65bd70-5a12-7002-a705-315758f75144,DCGM_FI_PROF_PCIE_TX_BYTES,nvidia-dcgm-exporter,nvidia7,gpu-metrics,7,192.241.129.18:9400,nvidia-dcgm-exporter,NVIDIA A100-SXM4-80GB,nvidia-gpu-operator,nvidia-dcgm-exporter-xq25l,openshift-monitoring/k8s,nvidia-dcgm-exporter,211437.0,caikit-runtime,fmaas-tuning,devstage-cais-bcbf7c8fb-pxhmp
2024-05-21 18:41:43.667999983,NVIDIA,6.16,G506.0210.00.03,2.0,1652523002864,92.00.45.00.05,535.104.05,12.535.104.05,fmaas-devstage-backen-9cjgj-worker-a100-il-rdma-3-jx6tm,GPU-bd65bd70-5a12-7002-a705-315758f75144,DCGM_FI_PROF_PCIE_TX_BYTES,nvidia-dcgm-exporter,nvidia7,gpu-metrics,7,192.241.129.18:9400,nvidia-dcgm-exporter,NVIDIA A100-SXM4-80GB,nvidia-gpu-operator,nvidia-dcgm-exporter-xq25l,openshift-monitoring/k8s,nvidia-dcgm-exporter,192064.0,caikit-runtime,fmaas-tuning,devstage-cais-bcbf7c8fb-pxhmp
2024-05-21 18:42:13.667999983,NVIDIA,6.16,G506.0210.00.03,2.0,1652523002864,92.00.45.00.05,535.104.05,12.535.104.05,fmaas-devstage-backen-9cjgj-worker-a100-il-rdma-3-jx6tm,GPU-bd65bd70-5a12-7002-a705-315758f75144,DCGM_FI_PROF_PCIE_TX_BYTES,nvidia-dcgm-exporter,nvidia7,gpu-metrics,7,192.241.129.18:9400,nvidia-dcgm-exporter,NVIDIA A100-SXM4-80GB,nvidia-gpu-operator,nvidia-dcgm-exporter-xq25l,openshift-monitoring/k8s,nvidia-dcgm-exporter,85942.0,caikit-runtime,fmaas-tuning,devstage-cais-bcbf7c8fb-pxhmp
2024-05-21 18:42:43.667999983,NVIDIA,6.16,G506.0210.00.03,2.0,1652523002864,92.00.45.00.05,535.104.05,12.535.104.05,fmaas-devstage-backen-9cjgj-worker-a100-il-rdma-3-jx6tm,GPU-bd65bd70-5a12-7002-a705-315758f75144,DCGM_FI_PROF_PCIE_TX_BYTES,nvidia-dcgm-exporter,nvidia7,gpu-metrics,7,192.241.129.18:9400,nvidia-dcgm-exporter,NVIDIA A100-SXM4-80GB,nvidia-gpu-operator,nvidia-dcgm-exporter-xq25l,openshift-monitoring/k8s,nvidia-dcgm-exporter,282752.0,caikit-runtime,fmaas-tuning,devstage-cais-bcbf7c8fb-pxhmp
2024-05-21 18:43:13.667999983,NVIDIA,6.16,G506.0210.00.03,2.0,1652523002864,92.00.45.00.05,535.104.05,12.535.104.05,fmaas-devstage-backen-9cjgj-worker-a100-il-rdma-3-jx6tm,GPU-bd65bd70-5a12-7002-a705-315758f75144,DCGM_FI_PROF_PCIE_TX_BYTES,nvidia-dcgm-exporter,nvidia7,gpu-metrics,7,192.241.129.18:9400,nvidia-dcgm-exporter,NVIDIA A100-SXM4-80GB,nvidia-gpu-operator,nvidia-dcgm-exporter-xq25l,openshift-monitoring/k8s,nvidia-dcgm-exporter,207442.0,caikit-runtime,fmaas-tuning,devstage-cais-bcbf7c8fb-pxhmp
2024-05-21 18:43:43.667999983,NVIDIA,6.16,G506.0210.00.03,2.0,1652523002864,92.00.45.00.05,535.104.05,12.535.104.05,fmaas-devstage-backen-9cjgj-worker-a100-il-rdma-3-jx6tm,GPU-bd65bd70-5a12-7002-a705-315758f75144,DCGM_FI_PROF_PCIE_TX_BYTES,nvidia-dcgm-exporter,nvidia7,gpu-metrics,7,192.241.129.18:9400,nvidia-dcgm-exporter,NVIDIA A100-SXM4-80GB,nvidia-gpu-operator,nvidia-dcgm-exporter-xq25l,openshift-monitoring/k8s,nvidia-dcgm-exporter,190384.0,caikit-runtime,fmaas-tuning,devstage-cais-bcbf7c8fb-pxhmp
2024-05-21 18:44:13.667999983,NVIDIA,6.16,G506.0210.00.03,2.0,1652523002864,92.00.45.00.05,535.104.05,12.535.104.05,fmaas-devstage-backen-9cjgj-worker-a100-il-rdma-3-jx6tm,GPU-bd65bd70-5a12-7002-a705-315758f75144,DCGM_FI_PROF_PCIE_TX_BYTES,nvidia-dcgm-exporter,nvidia7,gpu-metrics,7,192.241.129.18:9400,nvidia-dcgm-exporter,NVIDIA A100-SXM4-80GB,nvidia-gpu-operator,nvidia-dcgm-exporter-xq25l,openshift-monitoring/k8s,nvidia-dcgm-exporter,104647.0,caikit-runtime,fmaas-tuning,devstage-cais-bcbf7c8fb-pxhmp
2024-05-21 18:44:43.667999983,NVIDIA,6.16,G506.0210.00.03,2.0,1652523002864,92.00.45.00.05,535.104.05,12.535.104.05,fmaas-devstage-backen-9cjgj-worker-a100-il-rdma-3-jx6tm,GPU-bd65bd70-5a12-7002-a705-315758f75144,DCGM_FI_PROF_PCIE_TX_BYTES,nvidia-dcgm-exporter,nvidia7,gpu-metrics,7,192.241.129.18:9400,nvidia-dcgm-exporter,NVIDIA A100-SXM4-80GB,nvidia-gpu-operator,nvidia-dcgm-exporter-xq25l,openshift-monitoring/k8s,nvidia-dcgm-exporter,741011.0,caikit-runtime,fmaas-tuning,devstage-cais-bcbf7c8fb-pxhmp
2024-05-21 18:45:13.667999983,NVIDIA,6.16,G506.0210.00.03,2.0,1652523002864,92.00.45.00.05,535.104.05,12.535.104.05,fmaas-devstage-backen-9cjgj-worker-a100-il-rdma-3-jx6tm,GPU-bd65bd70-5a12-7002-a705-315758f75144,DCGM_FI_PROF_PCIE_TX_BYTES,nvidia-dcgm-exporter,nvidia7,gpu-metrics,7,192.241.129.18:9400,nvidia-dcgm-exporter,NVIDIA A100-SXM4-80GB,nvidia-gpu-operator,nvidia-dcgm-exporter-xq25l,openshift-monitoring/k8s,nvidia-dcgm-exporter,163062.0,caikit-runtime,fmaas-tuning,devstage-cais-bcbf7c8fb-pxhmp
2024-05-21 18:45:43.667999983,NVIDIA,6.16,G506.0210.00.03,2.0,1652523002864,92.00.45.00.05,535.104.05,12.535.104.05,fmaas-devstage-backen-9cjgj-worker-a100-il-rdma-3-jx6tm,GPU-bd65bd70-5a12-7002-a705-315758f75144,DCGM_FI_PROF_PCIE_TX_BYTES,nvidia-dcgm-exporter,nvidia7,gpu-metrics,7,192.241.129.18:9400,nvidia-dcgm-exporter,NVIDIA A100-SXM4-80GB,nvidia-gpu-operator,nvidia-dcgm-exporter-xq25l,openshift-monitoring/k8s,nvidia-dcgm-exporter,147706.0,caikit-runtime,fmaas-tuning,devstage-cais-bcbf7c8fb-pxhmp
2024-05-21 18:46:13.667999983,NVIDIA,6.16,G506.0210.00.03,2.0,1652523002864,92.00.45.00.05,535.104.05,12.535.104.05,fmaas-devstage-backen-9cjgj-worker-a100-il-rdma-3-jx6tm,GPU-bd65bd70-5a12-7002-a705-315758f75144,DCGM_FI_PROF_PCIE_TX_BYTES,nvidia-dcgm-exporter,nvidia7,gpu-metrics,7,192.241.129.18:9400,nvidia-dcgm-exporter,NVIDIA A100-SXM4-80GB,nvidia-gpu-operator,nvidia-dcgm-exporter-xq25l,openshift-monitoring/k8s,nvidia-dcgm-exporter,75517.0,caikit-runtime,fmaas-tuning,devstage-cais-bcbf7c8fb-pxhmp
2024-05-21 18:37:43.667999983,NVIDIA,6.16,G506.0210.00.03,2.0,1652523003950,92.00.45.00.05,535.104.05,12.535.104.05,fmaas-devstage-backen-9cjgj-worker-a100-il-rdma-3-jx6tm,GPU-ed198df6-90a8-c0bf-17bb-f1171d39c5dd,DCGM_FI_PROF_PCIE_TX_BYTES,nvidia-dcgm-exporter,nvidia1,gpu-metrics,1,192.241.129.18:9400,nvidia-dcgm-exporter,NVIDIA A100-SXM4-80GB,nvidia-gpu-operator,nvidia-dcgm-exporter-xq25l,openshift-monitoring/k8s,nvidia-dcgm-exporter,135406.0,pytorch,fmaas-kubeflow-trainer,ted-test-image-master-0
2024-05-21 18:38:00.772000074,NVIDIA,6.16,G506.0210.00.03,2.0,1652523003950,92.00.45.00.05,535.104.05,12.535.104.05,fmaas-devstage-backen-9cjgj-worker-a100-il-rdma-3-jx6tm,GPU-ed198df6-90a8-c0bf-17bb-f1171d39c5dd,DCGM_FI_PROF_PCIE_TX_BYTES,nvidia-dcgm-exporter,nvidia1,gpu-metrics,1,192.241.129.18:9400,nvidia-dcgm-exporter,NVIDIA A100-SXM4-80GB,nvidia-gpu-operator,nvidia-dcgm-exporter-xq25l,openshift-monitoring/k8s,nvidia-dcgm-exporter,139259.0,pytorch,fmaas-kubeflow-trainer,ted-test-image-master-0
2024-05-21 18:38:30.772000074,NVIDIA,6.16,G506.0210.00.03,2.0,1652523003950,92.00.45.00.05,535.104.05,12.535.104.05,fmaas-devstage-backen-9cjgj-worker-a100-il-rdma-3-jx6tm,GPU-ed198df6-90a8-c0bf-17bb-f1171d39c5dd,DCGM_FI_PROF_PCIE_TX_BYTES,nvidia-dcgm-exporter,nvidia1,gpu-metrics,1,192.241.129.18:9400,nvidia-dcgm-exporter,NVIDIA A100-SXM4-80GB,nvidia-gpu-operator,nvidia-dcgm-exporter-xq25l,openshift-monitoring/k8s,nvidia-dcgm-exporter,510710.0,pytorch,fmaas-kubeflow-trainer,ted-test-image-master-0
2024-05-21 18:39:00.772000074,NVIDIA,6.16,G506.0210.00.03,2.0,1652523003950,92.00.45.00.05,535.104.05,12.535.104.05,fmaas-devstage-backen-9cjgj-worker-a100-il-rdma-3-jx6tm,GPU-ed198df6-90a8-c0bf-17bb-f1171d39c5dd,DCGM_FI_PROF_PCIE_TX_BYTES,nvidia-dcgm-exporter,nvidia1,gpu-metrics,1,192.241.129.18:9400,nvidia-dcgm-exporter,NVIDIA A100-SXM4-80GB,nvidia-gpu-operator,nvidia-dcgm-exporter-xq25l,openshift-monitoring/k8s,nvidia-dcgm-exporter,398823.0,pytorch,fmaas-kubeflow-trainer,ted-test-image-master-0
2024-05-21 18:39:30.772000074,NVIDIA,6.16,G506.0210.00.03,2.0,1652523003950,92.00.45.00.05,535.104.05,12.535.104.05,fmaas-devstage-backen-9cjgj-worker-a100-il-rdma-3-jx6tm,GPU-ed198df6-90a8-c0bf-17bb-f1171d39c5dd,DCGM_FI_PROF_PCIE_TX_BYTES,nvidia-dcgm-exporter,nvidia1,gpu-metrics,1,192.241.129.18:9400,nvidia-dcgm-exporter,NVIDIA A100-SXM4-80GB,nvidia-gpu-operator,nvidia-dcgm-exporter-xq25l,openshift-monitoring/k8s,nvidia-dcgm-exporter,276054.0,pytorch,fmaas-kubeflow-trainer,ted-test-image-master-0
2024-05-21 18:40:00.772000074,NVIDIA,6.16,G506.0210.00.03,2.0,1652523003950,92.00.45.00.05,535.104.05,12.535.104.05,fmaas-devstage-backen-9cjgj-worker-a100-il-rdma-3-jx6tm,GPU-ed198df6-90a8-c0bf-17bb-f1171d39c5dd,DCGM_FI_PROF_PCIE_TX_BYTES,nvidia-dcgm-exporter,nvidia1,gpu-metrics,1,192.241.129.18:9400,nvidia-dcgm-exporter,NVIDIA A100-SXM4-80GB,nvidia-gpu-operator,nvidia-dcgm-exporter-xq25l,openshift-monitoring/k8s,nvidia-dcgm-exporter,193376.0,pytorch,fmaas-kubeflow-trainer,ted-test-image-master-0
2024-05-21 18:40:30.772000074,NVIDIA,6.16,G506.0210.00.03,2.0,1652523003950,92.00.45.00.05,535.104.05,12.535.104.05,fmaas-devstage-backen-9cjgj-worker-a100-il-rdma-3-jx6tm,GPU-ed198df6-90a8-c0bf-17bb-f1171d39c5dd,DCGM_FI_PROF_PCIE_TX_BYTES,nvidia-dcgm-exporter,nvidia1,gpu-metrics,1,192.241.129.18:9400,nvidia-dcgm-exporter,NVIDIA A100-SXM4-80GB,nvidia-gpu-operator,nvidia-dcgm-exporter-xq25l,openshift-monitoring/k8s,nvidia-dcgm-exporter,492251.0,pytorch,fmaas-kubeflow-trainer,ted-test-image-master-0
2024-05-21 18:41:00.772000074,NVIDIA,6.16,G506.0210.00.03,2.0,1652523003950,92.00.45.00.05,535.104.05,12.535.104.05,fmaas-devstage-backen-9cjgj-worker-a100-il-rdma-3-jx6tm,GPU-ed198df6-90a8-c0bf-17bb-f1171d39c5dd,DCGM_FI_PROF_PCIE_TX_BYTES,nvidia-dcgm-exporter,nvidia1,gpu-metrics,1,192.241.129.18:9400,nvidia-dcgm-exporter,NVIDIA A100-SXM4-80GB,nvidia-gpu-operator,nvidia-dcgm-exporter-xq25l,openshift-monitoring/k8s,nvidia-dcgm-exporter,50557.0,pytorch,fmaas-kubeflow-trainer,ted-test-image-master-0
2024-05-21 18:41:30.772000074,NVIDIA,6.16,G506.0210.00.03,2.0,1652523003950,92.00.45.00.05,535.104.05,12.535.104.05,fmaas-devstage-backen-9cjgj-worker-a100-il-rdma-3-jx6tm,GPU-ed198df6-90a8-c0bf-17bb-f1171d39c5dd,DCGM_FI_PROF_PCIE_TX_BYTES,nvidia-dcgm-exporter,nvidia1,gpu-metrics,1,192.241.129.18:9400,nvidia-dcgm-exporter,NVIDIA A100-SXM4-80GB,nvidia-gpu-operator,nvidia-dcgm-exporter-xq25l,openshift-monitoring/k8s,nvidia-dcgm-exporter,288517.0,pytorch,fmaas-kubeflow-trainer,ted-test-image-master-0
2024-05-21 18:36:30.772000074,NVIDIA,6.16,G506.0210.00.03,2.0,1652523003950,92.00.45.00.05,535.104.05,12.535.104.05,fmaas-devstage-backen-9cjgj-worker-a100-il-rdma-3-jx6tm,GPU-ed198df6-90a8-c0bf-17bb-f1171d39c5dd,DCGM_FI_PROF_PCIE_TX_BYTES,nvidia-dcgm-exporter,nvidia1,gpu-metrics,1,192.241.129.18:9400,nvidia-dcgm-exporter,NVIDIA A100-SXM4-80GB,nvidia-gpu-operator,nvidia-dcgm-exporter-xq25l,openshift-monitoring/k8s,nvidia-dcgm-exporter,650026.0,,,
2024-05-21 18:36:43.667999983,NVIDIA,6.16,G506.0210.00.03,2.0,1652523003950,92.00.45.00.05,535.104.05,12.535.104.05,fmaas-devstage-backen-9cjgj-worker-a100-il-rdma-3-jx6tm,GPU-ed198df6-90a8-c0bf-17bb-f1171d39c5dd,DCGM_FI_PROF_PCIE_TX_BYTES,nvidia-dcgm-exporter,nvidia1,gpu-metrics,1,192.241.129.18:9400,nvidia-dcgm-exporter,NVIDIA A100-SXM4-80GB,nvidia-gpu-operator,nvidia-dcgm-exporter-xq25l,openshift-monitoring/k8s,nvidia-dcgm-exporter,761408.0,,,
2024-05-21 18:37:13.667999983,NVIDIA,6.16,G506.0210.00.03,2.0,1652523003950,92.00.45.00.05,535.104.05,12.535.104.05,fmaas-devstage-backen-9cjgj-worker-a100-il-rdma-3-jx6tm,GPU-ed198df6-90a8-c0bf-17bb-f1171d39c5dd,DCGM_FI_PROF_PCIE_TX_BYTES,nvidia-dcgm-exporter,nvidia1,gpu-metrics,1,192.241.129.18:9400,nvidia-dcgm-exporter,NVIDIA A100-SXM4-80GB,nvidia-gpu-operator,nvidia-dcgm-exporter-xq25l,openshift-monitoring/k8s,nvidia-dcgm-exporter,241171.0,,,
2024-05-21 18:42:00.772000074,NVIDIA,6.16,G506.0210.00.03,2.0,1652523003950,92.00.45.00.05,535.104.05,12.535.104.05,fmaas-devstage-backen-9cjgj-worker-a100-il-rdma-3-jx6tm,GPU-ed198df6-90a8-c0bf-17bb-f1171d39c5dd,DCGM_FI_PROF_PCIE_TX_BYTES,nvidia-dcgm-exporter,nvidia1,gpu-metrics,1,192.241.129.18:9400,nvidia-dcgm-exporter,NVIDIA A100-SXM4-80GB,nvidia-gpu-operator,nvidia-dcgm-exporter-xq25l,openshift-monitoring/k8s,nvidia-dcgm-exporter,159058.0,,,
2024-05-21 18:42:30.772000074,NVIDIA,6.16,G506.0210.00.03,2.0,1652523003950,92.00.45.00.05,535.104.05,12.535.104.05,fmaas-devstage-backen-9cjgj-worker-a100-il-rdma-3-jx6tm,GPU-ed198df6-90a8-c0bf-17bb-f1171d39c5dd,DCGM_FI_PROF_PCIE_TX_BYTES,nvidia-dcgm-exporter,nvidia1,gpu-metrics,1,192.241.129.18:9400,nvidia-dcgm-exporter,NVIDIA A100-SXM4-80GB,nvidia-gpu-operator,nvidia-dcgm-exporter-xq25l,openshift-monitoring/k8s,nvidia-dcgm-exporter,418777.0,,,
2024-05-21 18:43:00.772000074,NVIDIA,6.16,G506.0210.00.03,2.0,1652523003950,92.00.45.00.05,535.104.05,12.535.104.05,fmaas-devstage-backen-9cjgj-worker-a100-il-rdma-3-jx6tm,GPU-ed198df6-90a8-c0bf-17bb-f1171d39c5dd,DCGM_FI_PROF_PCIE_TX_BYTES,nvidia-dcgm-exporter,nvidia1,gpu-metrics,1,192.241.129.18:9400,nvidia-dcgm-exporter,NVIDIA A100-SXM4-80GB,nvidia-gpu-operator,nvidia-dcgm-exporter-xq25l,openshift-monitoring/k8s,nvidia-dcgm-exporter,179646.0,,,
2024-05-21 18:43:30.772000074,NVIDIA,6.16,G506.0210.00.03,2.0,1652523003950,92.00.45.00.05,535.104.05,12.535.104.05,fmaas-devstage-backen-9cjgj-worker-a100-il-rdma-3-jx6tm,GPU-ed198df6-90a8-c0bf-17bb-f1171d39c5dd,DCGM_FI_PROF_PCIE_TX_BYTES,nvidia-dcgm-exporter,nvidia1,gpu-metrics,1,192.241.129.18:9400,nvidia-dcgm-exporter,NVIDIA A100-SXM4-80GB,nvidia-gpu-operator,nvidia-dcgm-exporter-xq25l,openshift-monitoring/k8s,nvidia-dcgm-exporter,250550.0,,,
2024-05-21 18:44:00.772000074,NVIDIA,6.16,G506.0210.00.03,2.0,1652523003950,92.00.45.00.05,535.104.05,12.535.104.05,fmaas-devstage-backen-9cjgj-worker-a100-il-rdma-3-jx6tm,GPU-ed198df6-90a8-c0bf-17bb-f1171d39c5dd,DCGM_FI_PROF_PCIE_TX_BYTES,nvidia-dcgm-exporter,nvidia1,gpu-metrics,1,192.241.129.18:9400,nvidia-dcgm-exporter,NVIDIA A100-SXM4-80GB,nvidia-gpu-operator,nvidia-dcgm-exporter-xq25l,openshift-monitoring/k8s,nvidia-dcgm-exporter,143234.0,,,
2024-05-21 18:44:30.772000074,NVIDIA,6.16,G506.0210.00.03,2.0,1652523003950,92.00.45.00.05,535.104.05,12.535.104.05,fmaas-devstage-backen-9cjgj-worker-a100-il-rdma-3-jx6tm,GPU-ed198df6-90a8-c0bf-17bb-f1171d39c5dd,DCGM_FI_PROF_PCIE_TX_BYTES,nvidia-dcgm-exporter,nvidia1,gpu-metrics,1,192.241.129.18:9400,nvidia-dcgm-exporter,NVIDIA A100-SXM4-80GB,nvidia-gpu-operator,nvidia-dcgm-exporter-xq25l,openshift-monitoring/k8s,nvidia-dcgm-exporter,1102515.0,,,
2024-05-21 18:45:00.772000074,NVIDIA,6.16,G506.0210.00.03,2.0,1652523003950,92.00.45.00.05,535.104.05,12.535.104.05,fmaas-devstage-backen-9cjgj-worker-a100-il-rdma-3-jx6tm,GPU-ed198df6-90a8-c0bf-17bb-f1171d39c5dd,DCGM_FI_PROF_PCIE_TX_BYTES,nvidia-dcgm-exporter,nvidia1,gpu-metrics,1,192.241.129.18:9400,nvidia-dcgm-exporter,NVIDIA A100-SXM4-80GB,nvidia-gpu-operator,nvidia-dcgm-exporter-xq25l,openshift-monitoring/k8s,nvidia-dcgm-exporter,295405.0,,,
2024-05-21 18:45:30.772000074,NVIDIA,6.16,G506.0210.00.03,2.0,1652523003950,92.00.45.00.05,535.104.05,12.535.104.05,fmaas-devstage-backen-9cjgj-worker-a100-il-rdma-3-jx6tm,GPU-ed198df6-90a8-c0bf-17bb-f1171d39c5dd,DCGM_FI_PROF_PCIE_TX_BYTES,nvidia-dcgm-exporter,nvidia1,gpu-metrics,1,192.241.129.18:9400,nvidia-dcgm-exporter,NVIDIA A100-SXM4-80GB,nvidia-gpu-operator,nvidia-dcgm-exporter-xq25l,openshift-monitoring/k8s,nvidia-dcgm-exporter,1090986.0,,,
2024-05-21 18:46:00.772000074,NVIDIA,6.16,G506.0210.00.03,2.0,1652523003950,92.00.45.00.05,535.104.05,12.535.104.05,fmaas-devstage-backen-9cjgj-worker-a100-il-rdma-3-jx6tm,GPU-ed198df6-90a8-c0bf-17bb-f1171d39c5dd,DCGM_FI_PROF_PCIE_TX_BYTES,nvidia-dcgm-exporter,nvidia1,gpu-metrics,1,192.241.129.18:9400,nvidia-dcgm-exporter,NVIDIA A100-SXM4-80GB,nvidia-gpu-operator,nvidia-dcgm-exporter-xq25l,openshift-monitoring/k8s,nvidia-dcgm-exporter,147038.0,,,
2024-05-21 18:36:30.772000074,NVIDIA,6.16,G506.0210.00.03,2.0,1652523003996,92.00.45.00.05,535.104.05,12.535.104.05,fmaas-devstage-backen-9cjgj-worker-a100-il-rdma-3-jx6tm,GPU-f94e20f3-b883-1dc9-1c93-9769594edc6a,DCGM_FI_PROF_PCIE_TX_BYTES,nvidia-dcgm-exporter,nvidia2,gpu-metrics,2,192.241.129.18:9400,nvidia-dcgm-exporter,NVIDIA A100-SXM4-80GB,nvidia-gpu-operator,nvidia-dcgm-exporter-xq25l,openshift-monitoring/k8s,nvidia-dcgm-exporter,6915998.0,base,fmaas-monitoring,llama3
2024-05-21 18:36:43.667999983,NVIDIA,6.16,G506.0210.00.03,2.0,1652523003996,92.00.45.00.05,535.104.05,12.535.104.05,fmaas-devstage-backen-9cjgj-worker-a100-il-rdma-3-jx6tm,GPU-f94e20f3-b883-1dc9-1c93-9769594edc6a,DCGM_FI_PROF_PCIE_TX_BYTES,nvidia-dcgm-exporter,nvidia2,gpu-metrics,2,192.241.129.18:9400,nvidia-dcgm-exporter,NVIDIA A100-SXM4-80GB,nvidia-gpu-operator,nvidia-dcgm-exporter-xq25l,openshift-monitoring/k8s,nvidia-dcgm-exporter,6712312.0,base,fmaas-monitoring,llama3
2024-05-21 18:37:13.667999983,NVIDIA,6.16,G506.0210.00.03,2.0,1652523003996,92.00.45.00.05,535.104.05,12.535.104.05,fmaas-devstage-backen-9cjgj-worker-a100-il-rdma-3-jx6tm,GPU-f94e20f3-b883-1dc9-1c93-9769594edc6a,DCGM_FI_PROF_PCIE_TX_BYTES,nvidia-dcgm-exporter,nvidia2,gpu-metrics,2,192.241.129.18:9400,nvidia-dcgm-exporter,NVIDIA A100-SXM4-80GB,nvidia-gpu-operator,nvidia-dcgm-exporter-xq25l,openshift-monitoring/k8s,nvidia-dcgm-exporter,7061129.0,base,fmaas-monitoring,llama3
2024-05-21 18:37:43.667999983,NVIDIA,6.16,G506.0210.00.03,2.0,1652523003996,92.00.45.00.05,535.104.05,12.535.104.05,fmaas-devstage-backen-9cjgj-worker-a100-il-rdma-3-jx6tm,GPU-f94e20f3-b883-1dc9-1c93-9769594edc6a,DCGM_FI_PROF_PCIE_TX_BYTES,nvidia-dcgm-exporter,nvidia2,gpu-metrics,2,192.241.129.18:9400,nvidia-dcgm-exporter,NVIDIA A100-SXM4-80GB,nvidia-gpu-operator,nvidia-dcgm-exporter-xq25l,openshift-monitoring/k8s,nvidia-dcgm-exporter,5729563.0,base,fmaas-monitoring,llama3
2024-05-21 18:38:13.667999983,NVIDIA,6.16,G506.0210.00.03,2.0,1652523003996,92.00.45.00.05,535.104.05,12.535.104.05,fmaas-devstage-backen-9cjgj-worker-a100-il-rdma-3-jx6tm,GPU-f94e20f3-b883-1dc9-1c93-9769594edc6a,DCGM_FI_PROF_PCIE_TX_BYTES,nvidia-dcgm-exporter,nvidia2,gpu-metrics,2,192.241.129.18:9400,nvidia-dcgm-exporter,NVIDIA A100-SXM4-80GB,nvidia-gpu-operator,nvidia-dcgm-exporter-xq25l,openshift-monitoring/k8s,nvidia-dcgm-exporter,7269973.0,base,fmaas-monitoring,llama3
2024-05-21 18:38:43.667999983,NVIDIA,6.16,G506.0210.00.03,2.0,1652523003996,92.00.45.00.05,535.104.05,12.535.104.05,fmaas-devstage-backen-9cjgj-worker-a100-il-rdma-3-jx6tm,GPU-f94e20f3-b883-1dc9-1c93-9769594edc6a,DCGM_FI_PROF_PCIE_TX_BYTES,nvidia-dcgm-exporter,nvidia2,gpu-metrics,2,192.241.129.18:9400,nvidia-dcgm-exporter,NVIDIA A100-SXM4-80GB,nvidia-gpu-operator,nvidia-dcgm-exporter-xq25l,openshift-monitoring/k8s,nvidia-dcgm-exporter,7373875.0,base,fmaas-monitoring,llama3
2024-05-21 18:39:13.667999983,NVIDIA,6.16,G506.0210.00.03,2.0,1652523003996,92.00.45.00.05,535.104.05,12.535.104.05,fmaas-devstage-backen-9cjgj-worker-a100-il-rdma-3-jx6tm,GPU-f94e20f3-b883-1dc9-1c93-9769594edc6a,DCGM_FI_PROF_PCIE_TX_BYTES,nvidia-dcgm-exporter,nvidia2,gpu-metrics,2,192.241.129.18:9400,nvidia-dcgm-exporter,NVIDIA A100-SXM4-80GB,nvidia-gpu-operator,nvidia-dcgm-exporter-xq25l,openshift-monitoring/k8s,nvidia-dcgm-exporter,7944835.0,base,fmaas-monitoring,llama3
2024-05-21 18:39:43.667999983,NVIDIA,6.16,G506.0210.00.03,2.0,1652523003996,92.00.45.00.05,535.104.05,12.535.104.05,fmaas-devstage-backen-9cjgj-worker-a100-il-rdma-3-jx6tm,GPU-f94e20f3-b883-1dc9-1c93-9769594edc6a,DCGM_FI_PROF_PCIE_TX_BYTES,nvidia-dcgm-exporter,nvidia2,gpu-metrics,2,192.241.129.18:9400,nvidia-dcgm-exporter,NVIDIA A100-SXM4-80GB,nvidia-gpu-operator,nvidia-dcgm-exporter-xq25l,openshift-monitoring/k8s,nvidia-dcgm-exporter,7090567.0,base,fmaas-monitoring,llama3
2024-05-21 18:40:13.667999983,NVIDIA,6.16,G506.0210.00.03,2.0,1652523003996,92.00.45.00.05,535.104.05,12.535.104.05,fmaas-devstage-backen-9cjgj-worker-a100-il-rdma-3-jx6tm,GPU-f94e20f3-b883-1dc9-1c93-9769594edc6a,DCGM_FI_PROF_PCIE_TX_BYTES,nvidia-dcgm-exporter,nvidia2,gpu-metrics,2,192.241.129.18:9400,nvidia-dcgm-exporter,NVIDIA A100-SXM4-80GB,nvidia-gpu-operator,nvidia-dcgm-exporter-xq25l,openshift-monitoring/k8s,nvidia-dcgm-exporter,8013898.0,base,fmaas-monitoring,llama3
2024-05-21 18:40:43.667999983,NVIDIA,6.16,G506.0210.00.03,2.0,1652523003996,92.00.45.00.05,535.104.05,12.535.104.05,fmaas-devstage-backen-9cjgj-worker-a100-il-rdma-3-jx6tm,GPU-f94e20f3-b883-1dc9-1c93-9769594edc6a,DCGM_FI_PROF_PCIE_TX_BYTES,nvidia-dcgm-exporter,nvidia2,gpu-metrics,2,192.241.129.18:9400,nvidia-dcgm-exporter,NVIDIA A100-SXM4-80GB,nvidia-gpu-operator,nvidia-dcgm-exporter-xq25l,openshift-monitoring/k8s,nvidia-dcgm-exporter,7312443.0,base,fmaas-monitoring,llama3
2024-05-21 18:41:13.667999983,NVIDIA,6.16,G506.0210.00.03,2.0,1652523003996,92.00.45.00.05,535.104.05,12.535.104.05,fmaas-devstage-backen-9cjgj-worker-a100-il-rdma-3-jx6tm,GPU-f94e20f3-b883-1dc9-1c93-9769594edc6a,DCGM_FI_PROF_PCIE_TX_BYTES,nvidia-dcgm-exporter,nvidia2,gpu-metrics,2,192.241.129.18:9400,nvidia-dcgm-exporter,NVIDIA A100-SXM4-80GB,nvidia-gpu-operator,nvidia-dcgm-exporter-xq25l,openshift-monitoring/k8s,nvidia-dcgm-exporter,6896845.0,base,fmaas-monitoring,llama3
2024-05-21 18:41:43.667999983,NVIDIA,6.16,G506.0210.00.03,2.0,1652523003996,92.00.45.00.05,535.104.05,12.535.104.05,fmaas-devstage-backen-9cjgj-worker-a100-il-rdma-3-jx6tm,GPU-f94e20f3-b883-1dc9-1c93-9769594edc6a,DCGM_FI_PROF_PCIE_TX_BYTES,nvidia-dcgm-exporter,nvidia2,gpu-metrics,2,192.241.129.18:9400,nvidia-dcgm-exporter,NVIDIA A100-SXM4-80GB,nvidia-gpu-operator,nvidia-dcgm-exporter-xq25l,openshift-monitoring/k8s,nvidia-dcgm-exporter,7163375.0,base,fmaas-monitoring,llama3
2024-05-21 18:42:13.667999983,NVIDIA,6.16,G506.0210.00.03,2.0,1652523003996,92.00.45.00.05,535.104.05,12.535.104.05,fmaas-devstage-backen-9cjgj-worker-a100-il-rdma-3-jx6tm,GPU-f94e20f3-b883-1dc9-1c93-9769594edc6a,DCGM_FI_PROF_PCIE_TX_BYTES,nvidia-dcgm-exporter,nvidia2,gpu-metrics,2,192.241.129.18:9400,nvidia-dcgm-exporter,NVIDIA A100-SXM4-80GB,nvidia-gpu-operator,nvidia-dcgm-exporter-xq25l,openshift-monitoring/k8s,nvidia-dcgm-exporter,6377310.0,base,fmaas-monitoring,llama3
2024-05-21 18:42:43.667999983,NVIDIA,6.16,G506.0210.00.03,2.0,1652523003996,92.00.45.00.05,535.104.05,12.535.104.05,fmaas-devstage-backen-9cjgj-worker-a100-il-rdma-3-jx6tm,GPU-f94e20f3-b883-1dc9-1c93-9769594edc6a,DCGM_FI_PROF_PCIE_TX_BYTES,nvidia-dcgm-exporter,nvidia2,gpu-metrics,2,192.241.129.18:9400,nvidia-dcgm-exporter,NVIDIA A100-SXM4-80GB,nvidia-gpu-operator,nvidia-dcgm-exporter-xq25l,openshift-monitoring/k8s,nvidia-dcgm-exporter,6922981.0,base,fmaas-monitoring,llama3
2024-05-21 18:43:13.667999983,NVIDIA,6.16,G506.0210.00.03,2.0,1652523003996,92.00.45.00.05,535.104.05,12.535.104.05,fmaas-devstage-backen-9cjgj-worker-a100-il-rdma-3-jx6tm,GPU-f94e20f3-b883-1dc9-1c93-9769594edc6a,DCGM_FI_PROF_PCIE_TX_BYTES,nvidia-dcgm-exporter,nvidia2,gpu-metrics,2,192.241.129.18:9400,nvidia-dcgm-exporter,NVIDIA A100-SXM4-80GB,nvidia-gpu-operator,nvidia-dcgm-exporter-xq25l,openshift-monitoring/k8s,nvidia-dcgm-exporter,7249184.0,base,fmaas-monitoring,llama3
2024-05-21 18:43:43.667999983,NVIDIA,6.16,G506.0210.00.03,2.0,1652523003996,92.00.45.00.05,535.104.05,12.535.104.05,fmaas-devstage-backen-9cjgj-worker-a100-il-rdma-3-jx6tm,GPU-f94e20f3-b883-1dc9-1c93-9769594edc6a,DCGM_FI_PROF_PCIE_TX_BYTES,nvidia-dcgm-exporter,nvidia2,gpu-metrics,2,192.241.129.18:9400,nvidia-dcgm-exporter,NVIDIA A100-SXM4-80GB,nvidia-gpu-operator,nvidia-dcgm-exporter-xq25l,openshift-monitoring/k8s,nvidia-dcgm-exporter,7175915.0,base,fmaas-monitoring,llama3
2024-05-21 18:44:13.667999983,NVIDIA,6.16,G506.0210.00.03,2.0,1652523003996,92.00.45.00.05,535.104.05,12.535.104.05,fmaas-devstage-backen-9cjgj-worker-a100-il-rdma-3-jx6tm,GPU-f94e20f3-b883-1dc9-1c93-9769594edc6a,DCGM_FI_PROF_PCIE_TX_BYTES,nvidia-dcgm-exporter,nvidia2,gpu-metrics,2,192.241.129.18:9400,nvidia-dcgm-exporter,NVIDIA A100-SXM4-80GB,nvidia-gpu-operator,nvidia-dcgm-exporter-xq25l,openshift-monitoring/k8s,nvidia-dcgm-exporter,6902888.0,base,fmaas-monitoring,llama3
2024-05-21 18:44:43.667999983,NVIDIA,6.16,G506.0210.00.03,2.0,1652523003996,92.00.45.00.05,535.104.05,12.535.104.05,fmaas-devstage-backen-9cjgj-worker-a100-il-rdma-3-jx6tm,GPU-f94e20f3-b883-1dc9-1c93-9769594edc6a,DCGM_FI_PROF_PCIE_TX_BYTES,nvidia-dcgm-exporter,nvidia2,gpu-metrics,2,192.241.129.18:9400,nvidia-dcgm-exporter,NVIDIA A100-SXM4-80GB,nvidia-gpu-operator,nvidia-dcgm-exporter-xq25l,openshift-monitoring/k8s,nvidia-dcgm-exporter,7425664.0,base,fmaas-monitoring,llama3
2024-05-21 18:45:13.667999983,NVIDIA,6.16,G506.0210.00.03,2.0,1652523003996,92.00.45.00.05,535.104.05,12.535.104.05,fmaas-devstage-backen-9cjgj-worker-a100-il-rdma-3-jx6tm,GPU-f94e20f3-b883-1dc9-1c93-9769594edc6a,DCGM_FI_PROF_PCIE_TX_BYTES,nvidia-dcgm-exporter,nvidia2,gpu-metrics,2,192.241.129.18:9400,nvidia-dcgm-exporter,NVIDIA A100-SXM4-80GB,nvidia-gpu-operator,nvidia-dcgm-exporter-xq25l,openshift-monitoring/k8s,nvidia-dcgm-exporter,6767085.0,base,fmaas-monitoring,llama3
2024-05-21 18:45:43.667999983,NVIDIA,6.16,G506.0210.00.03,2.0,1652523003996,92.00.45.00.05,535.104.05,12.535.104.05,fmaas-devstage-backen-9cjgj-worker-a100-il-rdma-3-jx6tm,GPU-f94e20f3-b883-1dc9-1c93-9769594edc6a,DCGM_FI_PROF_PCIE_TX_BYTES,nvidia-dcgm-exporter,nvidia2,gpu-metrics,2,192.241.129.18:9400,nvidia-dcgm-exporter,NVIDIA A100-SXM4-80GB,nvidia-gpu-operator,nvidia-dcgm-exporter-xq25l,openshift-monitoring/k8s,nvidia-dcgm-exporter,7119335.0,base,fmaas-monitoring,llama3
2024-05-21 18:46:13.667999983,NVIDIA,6.16,G506.0210.00.03,2.0,1652523003996,92.00.45.00.05,535.104.05,12.535.104.05,fmaas-devstage-backen-9cjgj-worker-a100-il-rdma-3-jx6tm,GPU-f94e20f3-b883-1dc9-1c93-9769594edc6a,DCGM_FI_PROF_PCIE_TX_BYTES,nvidia-dcgm-exporter,nvidia2,gpu-metrics,2,192.241.129.18:9400,nvidia-dcgm-exporter,NVIDIA A100-SXM4-80GB,nvidia-gpu-operator,nvidia-dcgm-exporter-xq25l,openshift-monitoring/k8s,nvidia-dcgm-exporter,6887497.0,base,fmaas-monitoring,llama3
2024-05-21 18:36:30.772000074,NVIDIA,6.16,G506.0210.00.03,2.0,1652523004560,92.00.45.00.05,535.104.05,12.535.104.05,fmaas-devstage-backen-9cjgj-worker-a100-il-rdma-3-jx6tm,GPU-fae4890e-cca3-f53f-3743-ba11e6e50022,DCGM_FI_PROF_PCIE_TX_BYTES,nvidia-dcgm-exporter,nvidia3,gpu-metrics,3,192.241.129.18:9400,nvidia-dcgm-exporter,NVIDIA A100-SXM4-80GB,nvidia-gpu-operator,nvidia-dcgm-exporter-xq25l,openshift-monitoring/k8s,nvidia-dcgm-exporter,720398.0,caikit-runtime,fmaas-tuning,devstage-cais-6957b8dfd7-pspvr
2024-05-21 18:36:43.667999983,NVIDIA,6.16,G506.0210.00.03,2.0,1652523004560,92.00.45.00.05,535.104.05,12.535.104.05,fmaas-devstage-backen-9cjgj-worker-a100-il-rdma-3-jx6tm,GPU-fae4890e-cca3-f53f-3743-ba11e6e50022,DCGM_FI_PROF_PCIE_TX_BYTES,nvidia-dcgm-exporter,nvidia3,gpu-metrics,3,192.241.129.18:9400,nvidia-dcgm-exporter,NVIDIA A100-SXM4-80GB,nvidia-gpu-operator,nvidia-dcgm-exporter-xq25l,openshift-monitoring/k8s,nvidia-dcgm-exporter,851248.0,caikit-runtime,fmaas-tuning,devstage-cais-6957b8dfd7-pspvr
2024-05-21 18:37:13.667999983,NVIDIA,6.16,G506.0210.00.03,2.0,1652523004560,92.00.45.00.05,535.104.05,12.535.104.05,fmaas-devstage-backen-9cjgj-worker-a100-il-rdma-3-jx6tm,GPU-fae4890e-cca3-f53f-3743-ba11e6e50022,DCGM_FI_PROF_PCIE_TX_BYTES,nvidia-dcgm-exporter,nvidia3,gpu-metrics,3,192.241.129.18:9400,nvidia-dcgm-exporter,NVIDIA A100-SXM4-80GB,nvidia-gpu-operator,nvidia-dcgm-exporter-xq25l,openshift-monitoring/k8s,nvidia-dcgm-exporter,161655.0,caikit-runtime,fmaas-tuning,devstage-cais-6957b8dfd7-pspvr
2024-05-21 18:37:43.667999983,NVIDIA,6.16,G506.0210.00.03,2.0,1652523004560,92.00.45.00.05,535.104.05,12.535.104.05,fmaas-devstage-backen-9cjgj-worker-a100-il-rdma-3-jx6tm,GPU-fae4890e-cca3-f53f-3743-ba11e6e50022,DCGM_FI_PROF_PCIE_TX_BYTES,nvidia-dcgm-exporter,nvidia3,gpu-metrics,3,192.241.129.18:9400,nvidia-dcgm-exporter,NVIDIA A100-SXM4-80GB,nvidia-gpu-operator,nvidia-dcgm-exporter-xq25l,openshift-monitoring/k8s,nvidia-dcgm-exporter,75634.0,caikit-runtime,fmaas-tuning,devstage-cais-6957b8dfd7-pspvr
2024-05-21 18:38:13.667999983,NVIDIA,6.16,G506.0210.00.03,2.0,1652523004560,92.00.45.00.05,535.104.05,12.535.104.05,fmaas-devstage-backen-9cjgj-worker-a100-il-rdma-3-jx6tm,GPU-fae4890e-cca3-f53f-3743-ba11e6e50022,DCGM_FI_PROF_PCIE_TX_BYTES,nvidia-dcgm-exporter,nvidia3,gpu-metrics,3,192.241.129.18:9400,nvidia-dcgm-exporter,NVIDIA A100-SXM4-80GB,nvidia-gpu-operator,nvidia-dcgm-exporter-xq25l,openshift-monitoring/k8s,nvidia-dcgm-exporter,544228.0,caikit-runtime,fmaas-tuning,devstage-cais-6957b8dfd7-pspvr
2024-05-21 18:38:43.667999983,NVIDIA,6.16,G506.0210.00.03,2.0,1652523004560,92.00.45.00.05,535.104.05,12.535.104.05,fmaas-devstage-backen-9cjgj-worker-a100-il-rdma-3-jx6tm,GPU-fae4890e-cca3-f53f-3743-ba11e6e50022,DCGM_FI_PROF_PCIE_TX_BYTES,nvidia-dcgm-exporter,nvidia3,gpu-metrics,3,192.241.129.18:9400,nvidia-dcgm-exporter,NVIDIA A100-SXM4-80GB,nvidia-gpu-operator,nvidia-dcgm-exporter-xq25l,openshift-monitoring/k8s,nvidia-dcgm-exporter,734279.0,caikit-runtime,fmaas-tuning,devstage-cais-6957b8dfd7-pspvr
2024-05-21 18:39:13.667999983,NVIDIA,6.16,G506.0210.00.03,2.0,1652523004560,92.00.45.00.05,535.104.05,12.535.104.05,fmaas-devstage-backen-9cjgj-worker-a100-il-rdma-3-jx6tm,GPU-fae4890e-cca3-f53f-3743-ba11e6e50022,DCGM_FI_PROF_PCIE_TX_BYTES,nvidia-dcgm-exporter,nvidia3,gpu-metrics,3,192.241.129.18:9400,nvidia-dcgm-exporter,NVIDIA A100-SXM4-80GB,nvidia-gpu-operator,nvidia-dcgm-exporter-xq25l,openshift-monitoring/k8s,nvidia-dcgm-exporter,147296.0,caikit-runtime,fmaas-tuning,devstage-cais-6957b8dfd7-pspvr
2024-05-21 18:39:43.667999983,NVIDIA,6.16,G506.0210.00.03,2.0,1652523004560,92.00.45.00.05,535.104.05,12.535.104.05,fmaas-devstage-backen-9cjgj-worker-a100-il-rdma-3-jx6tm,GPU-fae4890e-cca3-f53f-3743-ba11e6e50022,DCGM_FI_PROF_PCIE_TX_BYTES,nvidia-dcgm-exporter,nvidia3,gpu-metrics,3,192.241.129.18:9400,nvidia-dcgm-exporter,NVIDIA A100-SXM4-80GB,nvidia-gpu-operator,nvidia-dcgm-exporter-xq25l,openshift-monitoring/k8s,nvidia-dcgm-exporter,148708.0,caikit-runtime,fmaas-tuning,devstage-cais-6957b8dfd7-pspvr
2024-05-21 18:40:13.667999983,NVIDIA,6.16,G506.0210.00.03,2.0,1652523004560,92.00.45.00.05,535.104.05,12.535.104.05,fmaas-devstage-backen-9cjgj-worker-a100-il-rdma-3-jx6tm,GPU-fae4890e-cca3-f53f-3743-ba11e6e50022,DCGM_FI_PROF_PCIE_TX_BYTES,nvidia-dcgm-exporter,nvidia3,gpu-metrics,3,192.241.129.18:9400,nvidia-dcgm-exporter,NVIDIA A100-SXM4-80GB,nvidia-gpu-operator,nvidia-dcgm-exporter-xq25l,openshift-monitoring/k8s,nvidia-dcgm-exporter,1104508.0,caikit-runtime,fmaas-tuning,devstage-cais-6957b8dfd7-pspvr
2024-05-21 18:40:43.667999983,NVIDIA,6.16,G506.0210.00.03,2.0,1652523004560,92.00.45.00.05,535.104.05,12.535.104.05,fmaas-devstage-backen-9cjgj-worker-a100-il-rdma-3-jx6tm,GPU-fae4890e-cca3-f53f-3743-ba11e6e50022,DCGM_FI_PROF_PCIE_TX_BYTES,nvidia-dcgm-exporter,nvidia3,gpu-metrics,3,192.241.129.18:9400,nvidia-dcgm-exporter,NVIDIA A100-SXM4-80GB,nvidia-gpu-operator,nvidia-dcgm-exporter-xq25l,openshift-monitoring/k8s,nvidia-dcgm-exporter,409004.0,caikit-runtime,fmaas-tuning,devstage-cais-6957b8dfd7-pspvr
2024-05-21 18:41:13.667999983,NVIDIA,6.16,G506.0210.00.03,2.0,1652523004560,92.00.45.00.05,535.104.05,12.535.104.05,fmaas-devstage-backen-9cjgj-worker-a100-il-rdma-3-jx6tm,GPU-fae4890e-cca3-f53f-3743-ba11e6e50022,DCGM_FI_PROF_PCIE_TX_BYTES,nvidia-dcgm-exporter,nvidia3,gpu-metrics,3,192.241.129.18:9400,nvidia-dcgm-exporter,NVIDIA A100-SXM4-80GB,nvidia-gpu-operator,nvidia-dcgm-exporter-xq25l,openshift-monitoring/k8s,nvidia-dcgm-exporter,194004.0,caikit-runtime,fmaas-tuning,devstage-cais-6957b8dfd7-pspvr
2024-05-21 18:41:43.667999983,NVIDIA,6.16,G506.0210.00.03,2.0,1652523004560,92.00.45.00.05,535.104.05,12.535.104.05,fmaas-devstage-backen-9cjgj-worker-a100-il-rdma-3-jx6tm,GPU-fae4890e-cca3-f53f-3743-ba11e6e50022,DCGM_FI_PROF_PCIE_TX_BYTES,nvidia-dcgm-exporter,nvidia3,gpu-metrics,3,192.241.129.18:9400,nvidia-dcgm-exporter,NVIDIA A100-SXM4-80GB,nvidia-gpu-operator,nvidia-dcgm-exporter-xq25l,openshift-monitoring/k8s,nvidia-dcgm-exporter,243869.0,caikit-runtime,fmaas-tuning,devstage-cais-6957b8dfd7-pspvr
2024-05-21 18:42:13.667999983,NVIDIA,6.16,G506.0210.00.03,2.0,1652523004560,92.00.45.00.05,535.104.05,12.535.104.05,fmaas-devstage-backen-9cjgj-worker-a100-il-rdma-3-jx6tm,GPU-fae4890e-cca3-f53f-3743-ba11e6e50022,DCGM_FI_PROF_PCIE_TX_BYTES,nvidia-dcgm-exporter,nvidia3,gpu-metrics,3,192.241.129.18:9400,nvidia-dcgm-exporter,NVIDIA A100-SXM4-80GB,nvidia-gpu-operator,nvidia-dcgm-exporter-xq25l,openshift-monitoring/k8s,nvidia-dcgm-exporter,121849.0,caikit-runtime,fmaas-tuning,devstage-cais-6957b8dfd7-pspvr
2024-05-21 18:42:43.667999983,NVIDIA,6.16,G506.0210.00.03,2.0,1652523004560,92.00.45.00.05,535.104.05,12.535.104.05,fmaas-devstage-backen-9cjgj-worker-a100-il-rdma-3-jx6tm,GPU-fae4890e-cca3-f53f-3743-ba11e6e50022,DCGM_FI_PROF_PCIE_TX_BYTES,nvidia-dcgm-exporter,nvidia3,gpu-metrics,3,192.241.129.18:9400,nvidia-dcgm-exporter,NVIDIA A100-SXM4-80GB,nvidia-gpu-operator,nvidia-dcgm-exporter-xq25l,openshift-monitoring/k8s,nvidia-dcgm-exporter,307189.0,caikit-runtime,fmaas-tuning,devstage-cais-6957b8dfd7-pspvr
2024-05-21 18:43:13.667999983,NVIDIA,6.16,G506.0210.00.03,2.0,1652523004560,92.00.45.00.05,535.104.05,12.535.104.05,fmaas-devstage-backen-9cjgj-worker-a100-il-rdma-3-jx6tm,GPU-fae4890e-cca3-f53f-3743-ba11e6e50022,DCGM_FI_PROF_PCIE_TX_BYTES,nvidia-dcgm-exporter,nvidia3,gpu-metrics,3,192.241.129.18:9400,nvidia-dcgm-exporter,NVIDIA A100-SXM4-80GB,nvidia-gpu-operator,nvidia-dcgm-exporter-xq25l,openshift-monitoring/k8s,nvidia-dcgm-exporter,210435.0,caikit-runtime,fmaas-tuning,devstage-cais-6957b8dfd7-pspvr
2024-05-21 18:43:43.667999983,NVIDIA,6.16,G506.0210.00.03,2.0,1652523004560,92.00.45.00.05,535.104.05,12.535.104.05,fmaas-devstage-backen-9cjgj-worker-a100-il-rdma-3-jx6tm,GPU-fae4890e-cca3-f53f-3743-ba11e6e50022,DCGM_FI_PROF_PCIE_TX_BYTES,nvidia-dcgm-exporter,nvidia3,gpu-metrics,3,192.241.129.18:9400,nvidia-dcgm-exporter,NVIDIA A100-SXM4-80GB,nvidia-gpu-operator,nvidia-dcgm-exporter-xq25l,openshift-monitoring/k8s,nvidia-dcgm-exporter,234810.0,caikit-runtime,fmaas-tuning,devstage-cais-6957b8dfd7-pspvr
2024-05-21 18:44:13.667999983,NVIDIA,6.16,G506.0210.00.03,2.0,1652523004560,92.00.45.00.05,535.104.05,12.535.104.05,fmaas-devstage-backen-9cjgj-worker-a100-il-rdma-3-jx6tm,GPU-fae4890e-cca3-f53f-3743-ba11e6e50022,DCGM_FI_PROF_PCIE_TX_BYTES,nvidia-dcgm-exporter,nvidia3,gpu-metrics,3,192.241.129.18:9400,nvidia-dcgm-exporter,NVIDIA A100-SXM4-80GB,nvidia-gpu-operator,nvidia-dcgm-exporter-xq25l,openshift-monitoring/k8s,nvidia-dcgm-exporter,122180.0,caikit-runtime,fmaas-tuning,devstage-cais-6957b8dfd7-pspvr
2024-05-21 18:44:43.667999983,NVIDIA,6.16,G506.0210.00.03,2.0,1652523004560,92.00.45.00.05,535.104.05,12.535.104.05,fmaas-devstage-backen-9cjgj-worker-a100-il-rdma-3-jx6tm,GPU-fae4890e-cca3-f53f-3743-ba11e6e50022,DCGM_FI_PROF_PCIE_TX_BYTES,nvidia-dcgm-exporter,nvidia3,gpu-metrics,3,192.241.129.18:9400,nvidia-dcgm-exporter,NVIDIA A100-SXM4-80GB,nvidia-gpu-operator,nvidia-dcgm-exporter-xq25l,openshift-monitoring/k8s,nvidia-dcgm-exporter,707120.0,caikit-runtime,fmaas-tuning,devstage-cais-6957b8dfd7-pspvr
2024-05-21 18:45:13.667999983,NVIDIA,6.16,G506.0210.00.03,2.0,1652523004560,92.00.45.00.05,535.104.05,12.535.104.05,fmaas-devstage-backen-9cjgj-worker-a100-il-rdma-3-jx6tm,GPU-fae4890e-cca3-f53f-3743-ba11e6e50022,DCGM_FI_PROF_PCIE_TX_BYTES,nvidia-dcgm-exporter,nvidia3,gpu-metrics,3,192.241.129.18:9400,nvidia-dcgm-exporter,NVIDIA A100-SXM4-80GB,nvidia-gpu-operator,nvidia-dcgm-exporter-xq25l,openshift-monitoring/k8s,nvidia-dcgm-exporter,154550.0,caikit-runtime,fmaas-tuning,devstage-cais-6957b8dfd7-pspvr
2024-05-21 18:45:43.667999983,NVIDIA,6.16,G506.0210.00.03,2.0,1652523004560,92.00.45.00.05,535.104.05,12.535.104.05,fmaas-devstage-backen-9cjgj-worker-a100-il-rdma-3-jx6tm,GPU-fae4890e-cca3-f53f-3743-ba11e6e50022,DCGM_FI_PROF_PCIE_TX_BYTES,nvidia-dcgm-exporter,nvidia3,gpu-metrics,3,192.241.129.18:9400,nvidia-dcgm-exporter,NVIDIA A100-SXM4-80GB,nvidia-gpu-operator,nvidia-dcgm-exporter-xq25l,openshift-monitoring/k8s,nvidia-dcgm-exporter,208316.0,caikit-runtime,fmaas-tuning,devstage-cais-6957b8dfd7-pspvr
2024-05-21 18:46:13.667999983,NVIDIA,6.16,G506.0210.00.03,2.0,1652523004560,92.00.45.00.05,535.104.05,12.535.104.05,fmaas-devstage-backen-9cjgj-worker-a100-il-rdma-3-jx6tm,GPU-fae4890e-cca3-f53f-3743-ba11e6e50022,DCGM_FI_PROF_PCIE_TX_BYTES,nvidia-dcgm-exporter,nvidia3,gpu-metrics,3,192.241.129.18:9400,nvidia-dcgm-exporter,NVIDIA A100-SXM4-80GB,nvidia-gpu-operator,nvidia-dcgm-exporter-xq25l,openshift-monitoring/k8s,nvidia-dcgm-exporter,115903.0,caikit-runtime,fmaas-tuning,devstage-cais-6957b8dfd7-pspvr
2024-05-21 18:36:30.772000074,NVIDIA,6.16,G506.0210.00.03,2.0,1652523004804,92.00.45.00.05,535.104.05,12.535.104.05,fmaas-devstage-backen-9cjgj-worker-a100-il-rdma-3-jx6tm,GPU-6813d4a5-a19a-6a1f-b0ae-7d70939dc17d,DCGM_FI_PROF_PCIE_TX_BYTES,nvidia-dcgm-exporter,nvidia5,gpu-metrics,5,192.241.129.18:9400,nvidia-dcgm-exporter,NVIDIA A100-SXM4-80GB,nvidia-gpu-operator,nvidia-dcgm-exporter-xq25l,openshift-monitoring/k8s,nvidia-dcgm-exporter,651712.0,,,
2024-05-21 18:36:43.667999983,NVIDIA,6.16,G506.0210.00.03,2.0,1652523004804,92.00.45.00.05,535.104.05,12.535.104.05,fmaas-devstage-backen-9cjgj-worker-a100-il-rdma-3-jx6tm,GPU-6813d4a5-a19a-6a1f-b0ae-7d70939dc17d,DCGM_FI_PROF_PCIE_TX_BYTES,nvidia-dcgm-exporter,nvidia5,gpu-metrics,5,192.241.129.18:9400,nvidia-dcgm-exporter,NVIDIA A100-SXM4-80GB,nvidia-gpu-operator,nvidia-dcgm-exporter-xq25l,openshift-monitoring/k8s,nvidia-dcgm-exporter,687862.0,,,
2024-05-21 18:37:13.667999983,NVIDIA,6.16,G506.0210.00.03,2.0,1652523004804,92.00.45.00.05,535.104.05,12.535.104.05,fmaas-devstage-backen-9cjgj-worker-a100-il-rdma-3-jx6tm,GPU-6813d4a5-a19a-6a1f-b0ae-7d70939dc17d,DCGM_FI_PROF_PCIE_TX_BYTES,nvidia-dcgm-exporter,nvidia5,gpu-metrics,5,192.241.129.18:9400,nvidia-dcgm-exporter,NVIDIA A100-SXM4-80GB,nvidia-gpu-operator,nvidia-dcgm-exporter-xq25l,openshift-monitoring/k8s,nvidia-dcgm-exporter,135591.0,,,
2024-05-21 18:37:43.667999983,NVIDIA,6.16,G506.0210.00.03,2.0,1652523004804,92.00.45.00.05,535.104.05,12.535.104.05,fmaas-devstage-backen-9cjgj-worker-a100-il-rdma-3-jx6tm,GPU-6813d4a5-a19a-6a1f-b0ae-7d70939dc17d,DCGM_FI_PROF_PCIE_TX_BYTES,nvidia-dcgm-exporter,nvidia5,gpu-metrics,5,192.241.129.18:9400,nvidia-dcgm-exporter,NVIDIA A100-SXM4-80GB,nvidia-gpu-operator,nvidia-dcgm-exporter-xq25l,openshift-monitoring/k8s,nvidia-dcgm-exporter,63174.0,,,
2024-05-21 18:38:13.667999983,NVIDIA,6.16,G506.0210.00.03,2.0,1652523004804,92.00.45.00.05,535.104.05,12.535.104.05,fmaas-devstage-backen-9cjgj-worker-a100-il-rdma-3-jx6tm,GPU-6813d4a5-a19a-6a1f-b0ae-7d70939dc17d,DCGM_FI_PROF_PCIE_TX_BYTES,nvidia-dcgm-exporter,nvidia5,gpu-metrics,5,192.241.129.18:9400,nvidia-dcgm-exporter,NVIDIA A100-SXM4-80GB,nvidia-gpu-operator,nvidia-dcgm-exporter-xq25l,openshift-monitoring/k8s,nvidia-dcgm-exporter,513062.0,,,
2024-05-21 18:38:43.667999983,NVIDIA,6.16,G506.0210.00.03,2.0,1652523004804,92.00.45.00.05,535.104.05,12.535.104.05,fmaas-devstage-backen-9cjgj-worker-a100-il-rdma-3-jx6tm,GPU-6813d4a5-a19a-6a1f-b0ae-7d70939dc17d,DCGM_FI_PROF_PCIE_TX_BYTES,nvidia-dcgm-exporter,nvidia5,gpu-metrics,5,192.241.129.18:9400,nvidia-dcgm-exporter,NVIDIA A100-SXM4-80GB,nvidia-gpu-operator,nvidia-dcgm-exporter-xq25l,openshift-monitoring/k8s,nvidia-dcgm-exporter,702856.0,,,
2024-05-21 18:39:13.667999983,NVIDIA,6.16,G506.0210.00.03,2.0,1652523004804,92.00.45.00.05,535.104.05,12.535.104.05,fmaas-devstage-backen-9cjgj-worker-a100-il-rdma-3-jx6tm,GPU-6813d4a5-a19a-6a1f-b0ae-7d70939dc17d,DCGM_FI_PROF_PCIE_TX_BYTES,nvidia-dcgm-exporter,nvidia5,gpu-metrics,5,192.241.129.18:9400,nvidia-dcgm-exporter,NVIDIA A100-SXM4-80GB,nvidia-gpu-operator,nvidia-dcgm-exporter-xq25l,openshift-monitoring/k8s,nvidia-dcgm-exporter,171722.0,,,
2024-05-21 18:39:43.667999983,NVIDIA,6.16,G506.0210.00.03,2.0,1652523004804,92.00.45.00.05,535.104.05,12.535.104.05,fmaas-devstage-backen-9cjgj-worker-a100-il-rdma-3-jx6tm,GPU-6813d4a5-a19a-6a1f-b0ae-7d70939dc17d,DCGM_FI_PROF_PCIE_TX_BYTES,nvidia-dcgm-exporter,nvidia5,gpu-metrics,5,192.241.129.18:9400,nvidia-dcgm-exporter,NVIDIA A100-SXM4-80GB,nvidia-gpu-operator,nvidia-dcgm-exporter-xq25l,openshift-monitoring/k8s,nvidia-dcgm-exporter,44918.0,,,
2024-05-21 18:40:13.667999983,NVIDIA,6.16,G506.0210.00.03,2.0,1652523004804,92.00.45.00.05,535.104.05,12.535.104.05,fmaas-devstage-backen-9cjgj-worker-a100-il-rdma-3-jx6tm,GPU-6813d4a5-a19a-6a1f-b0ae-7d70939dc17d,DCGM_FI_PROF_PCIE_TX_BYTES,nvidia-dcgm-exporter,nvidia5,gpu-metrics,5,192.241.129.18:9400,nvidia-dcgm-exporter,NVIDIA A100-SXM4-80GB,nvidia-gpu-operator,nvidia-dcgm-exporter-xq25l,openshift-monitoring/k8s,nvidia-dcgm-exporter,1102766.0,,,
2024-05-21 18:40:43.667999983,NVIDIA,6.16,G506.0210.00.03,2.0,1652523004804,92.00.45.00.05,535.104.05,12.535.104.05,fmaas-devstage-backen-9cjgj-worker-a100-il-rdma-3-jx6tm,GPU-6813d4a5-a19a-6a1f-b0ae-7d70939dc17d,DCGM_FI_PROF_PCIE_TX_BYTES,nvidia-dcgm-exporter,nvidia5,gpu-metrics,5,192.241.129.18:9400,nvidia-dcgm-exporter,NVIDIA A100-SXM4-80GB,nvidia-gpu-operator,nvidia-dcgm-exporter-xq25l,openshift-monitoring/k8s,nvidia-dcgm-exporter,358890.0,,,
2024-05-21 18:41:13.667999983,NVIDIA,6.16,G506.0210.00.03,2.0,1652523004804,92.00.45.00.05,535.104.05,12.535.104.05,fmaas-devstage-backen-9cjgj-worker-a100-il-rdma-3-jx6tm,GPU-6813d4a5-a19a-6a1f-b0ae-7d70939dc17d,DCGM_FI_PROF_PCIE_TX_BYTES,nvidia-dcgm-exporter,nvidia5,gpu-metrics,5,192.241.129.18:9400,nvidia-dcgm-exporter,NVIDIA A100-SXM4-80GB,nvidia-gpu-operator,nvidia-dcgm-exporter-xq25l,openshift-monitoring/k8s,nvidia-dcgm-exporter,190445.0,,,
2024-05-21 18:41:43.667999983,NVIDIA,6.16,G506.0210.00.03,2.0,1652523004804,92.00.45.00.05,535.104.05,12.535.104.05,fmaas-devstage-backen-9cjgj-worker-a100-il-rdma-3-jx6tm,GPU-6813d4a5-a19a-6a1f-b0ae-7d70939dc17d,DCGM_FI_PROF_PCIE_TX_BYTES,nvidia-dcgm-exporter,nvidia5,gpu-metrics,5,192.241.129.18:9400,nvidia-dcgm-exporter,NVIDIA A100-SXM4-80GB,nvidia-gpu-operator,nvidia-dcgm-exporter-xq25l,openshift-monitoring/k8s,nvidia-dcgm-exporter,210267.0,,,
2024-05-21 18:42:13.667999983,NVIDIA,6.16,G506.0210.00.03,2.0,1652523004804,92.00.45.00.05,535.104.05,12.535.104.05,fmaas-devstage-backen-9cjgj-worker-a100-il-rdma-3-jx6tm,GPU-6813d4a5-a19a-6a1f-b0ae-7d70939dc17d,DCGM_FI_PROF_PCIE_TX_BYTES,nvidia-dcgm-exporter,nvidia5,gpu-metrics,5,192.241.129.18:9400,nvidia-dcgm-exporter,NVIDIA A100-SXM4-80GB,nvidia-gpu-operator,nvidia-dcgm-exporter-xq25l,openshift-monitoring/k8s,nvidia-dcgm-exporter,84326.0,,,
2024-05-21 18:42:43.667999983,NVIDIA,6.16,G506.0210.00.03,2.0,1652523004804,92.00.45.00.05,535.104.05,12.535.104.05,fmaas-devstage-backen-9cjgj-worker-a100-il-rdma-3-jx6tm,GPU-6813d4a5-a19a-6a1f-b0ae-7d70939dc17d,DCGM_FI_PROF_PCIE_TX_BYTES,nvidia-dcgm-exporter,nvidia5,gpu-metrics,5,192.241.129.18:9400,nvidia-dcgm-exporter,NVIDIA A100-SXM4-80GB,nvidia-gpu-operator,nvidia-dcgm-exporter-xq25l,openshift-monitoring/k8s,nvidia-dcgm-exporter,280415.0,,,
2024-05-21 18:43:13.667999983,NVIDIA,6.16,G506.0210.00.03,2.0,1652523004804,92.00.45.00.05,535.104.05,12.535.104.05,fmaas-devstage-backen-9cjgj-worker-a100-il-rdma-3-jx6tm,GPU-6813d4a5-a19a-6a1f-b0ae-7d70939dc17d,DCGM_FI_PROF_PCIE_TX_BYTES,nvidia-dcgm-exporter,nvidia5,gpu-metrics,5,192.241.129.18:9400,nvidia-dcgm-exporter,NVIDIA A100-SXM4-80GB,nvidia-gpu-operator,nvidia-dcgm-exporter-xq25l,openshift-monitoring/k8s,nvidia-dcgm-exporter,189405.0,,,
2024-05-21 18:43:43.667999983,NVIDIA,6.16,G506.0210.00.03,2.0,1652523004804,92.00.45.00.05,535.104.05,12.535.104.05,fmaas-devstage-backen-9cjgj-worker-a100-il-rdma-3-jx6tm,GPU-6813d4a5-a19a-6a1f-b0ae-7d70939dc17d,DCGM_FI_PROF_PCIE_TX_BYTES,nvidia-dcgm-exporter,nvidia5,gpu-metrics,5,192.241.129.18:9400,nvidia-dcgm-exporter,NVIDIA A100-SXM4-80GB,nvidia-gpu-operator,nvidia-dcgm-exporter-xq25l,openshift-monitoring/k8s,nvidia-dcgm-exporter,155926.0,,,
2024-05-21 18:44:13.667999983,NVIDIA,6.16,G506.0210.00.03,2.0,1652523004804,92.00.45.00.05,535.104.05,12.535.104.05,fmaas-devstage-backen-9cjgj-worker-a100-il-rdma-3-jx6tm,GPU-6813d4a5-a19a-6a1f-b0ae-7d70939dc17d,DCGM_FI_PROF_PCIE_TX_BYTES,nvidia-dcgm-exporter,nvidia5,gpu-metrics,5,192.241.129.18:9400,nvidia-dcgm-exporter,NVIDIA A100-SXM4-80GB,nvidia-gpu-operator,nvidia-dcgm-exporter-xq25l,openshift-monitoring/k8s,nvidia-dcgm-exporter,85104.0,,,
2024-05-21 18:44:43.667999983,NVIDIA,6.16,G506.0210.00.03,2.0,1652523004804,92.00.45.00.05,535.104.05,12.535.104.05,fmaas-devstage-backen-9cjgj-worker-a100-il-rdma-3-jx6tm,GPU-6813d4a5-a19a-6a1f-b0ae-7d70939dc17d,DCGM_FI_PROF_PCIE_TX_BYTES,nvidia-dcgm-exporter,nvidia5,gpu-metrics,5,192.241.129.18:9400,nvidia-dcgm-exporter,NVIDIA A100-SXM4-80GB,nvidia-gpu-operator,nvidia-dcgm-exporter-xq25l,openshift-monitoring/k8s,nvidia-dcgm-exporter,742392.0,,,
2024-05-21 18:45:13.667999983,NVIDIA,6.16,G506.0210.00.03,2.0,1652523004804,92.00.45.00.05,535.104.05,12.535.104.05,fmaas-devstage-backen-9cjgj-worker-a100-il-rdma-3-jx6tm,GPU-6813d4a5-a19a-6a1f-b0ae-7d70939dc17d,DCGM_FI_PROF_PCIE_TX_BYTES,nvidia-dcgm-exporter,nvidia5,gpu-metrics,5,192.241.129.18:9400,nvidia-dcgm-exporter,NVIDIA A100-SXM4-80GB,nvidia-gpu-operator,nvidia-dcgm-exporter-xq25l,openshift-monitoring/k8s,nvidia-dcgm-exporter,160457.0,,,
2024-05-21 18:45:43.667999983,NVIDIA,6.16,G506.0210.00.03,2.0,1652523004804,92.00.45.00.05,535.104.05,12.535.104.05,fmaas-devstage-backen-9cjgj-worker-a100-il-rdma-3-jx6tm,GPU-6813d4a5-a19a-6a1f-b0ae-7d70939dc17d,DCGM_FI_PROF_PCIE_TX_BYTES,nvidia-dcgm-exporter,nvidia5,gpu-metrics,5,192.241.129.18:9400,nvidia-dcgm-exporter,NVIDIA A100-SXM4-80GB,nvidia-gpu-operator,nvidia-dcgm-exporter-xq25l,openshift-monitoring/k8s,nvidia-dcgm-exporter,135355.0,,,
2024-05-21 18:46:13.667999983,NVIDIA,6.16,G506.0210.00.03,2.0,1652523004804,92.00.45.00.05,535.104.05,12.535.104.05,fmaas-devstage-backen-9cjgj-worker-a100-il-rdma-3-jx6tm,GPU-6813d4a5-a19a-6a1f-b0ae-7d70939dc17d,DCGM_FI_PROF_PCIE_TX_BYTES,nvidia-dcgm-exporter,nvidia5,gpu-metrics,5,192.241.129.18:9400,nvidia-dcgm-exporter,NVIDIA A100-SXM4-80GB,nvidia-gpu-operator,nvidia-dcgm-exporter-xq25l,openshift-monitoring/k8s,nvidia-dcgm-exporter,60720.0,,,
2024-05-21 18:36:30.772000074,NVIDIA,6.16,G506.0210.00.03,2.0,1652523021837,92.00.45.00.05,535.104.05,12.535.104.05,fmaas-devstage-backen-9cjgj-worker-a100-il-rdma-3-jx6tm,GPU-b30541a1-5408-9bb3-d9fa-12665d1e7472,DCGM_FI_PROF_PCIE_TX_BYTES,nvidia-dcgm-exporter,nvidia4,gpu-metrics,4,192.241.129.18:9400,nvidia-dcgm-exporter,NVIDIA A100-SXM4-80GB,nvidia-gpu-operator,nvidia-dcgm-exporter-xq25l,openshift-monitoring/k8s,nvidia-dcgm-exporter,657110.0,,,
2024-05-21 18:36:43.667999983,NVIDIA,6.16,G506.0210.00.03,2.0,1652523021837,92.00.45.00.05,535.104.05,12.535.104.05,fmaas-devstage-backen-9cjgj-worker-a100-il-rdma-3-jx6tm,GPU-b30541a1-5408-9bb3-d9fa-12665d1e7472,DCGM_FI_PROF_PCIE_TX_BYTES,nvidia-dcgm-exporter,nvidia4,gpu-metrics,4,192.241.129.18:9400,nvidia-dcgm-exporter,NVIDIA A100-SXM4-80GB,nvidia-gpu-operator,nvidia-dcgm-exporter-xq25l,openshift-monitoring/k8s,nvidia-dcgm-exporter,743085.0,,,
2024-05-21 18:37:13.667999983,NVIDIA,6.16,G506.0210.00.03,2.0,1652523021837,92.00.45.00.05,535.104.05,12.535.104.05,fmaas-devstage-backen-9cjgj-worker-a100-il-rdma-3-jx6tm,GPU-b30541a1-5408-9bb3-d9fa-12665d1e7472,DCGM_FI_PROF_PCIE_TX_BYTES,nvidia-dcgm-exporter,nvidia4,gpu-metrics,4,192.241.129.18:9400,nvidia-dcgm-exporter,NVIDIA A100-SXM4-80GB,nvidia-gpu-operator,nvidia-dcgm-exporter-xq25l,openshift-monitoring/k8s,nvidia-dcgm-exporter,207653.0,,,
2024-05-21 18:37:43.667999983,NVIDIA,6.16,G506.0210.00.03,2.0,1652523021837,92.00.45.00.05,535.104.05,12.535.104.05,fmaas-devstage-backen-9cjgj-worker-a100-il-rdma-3-jx6tm,GPU-b30541a1-5408-9bb3-d9fa-12665d1e7472,DCGM_FI_PROF_PCIE_TX_BYTES,nvidia-dcgm-exporter,nvidia4,gpu-metrics,4,192.241.129.18:9400,nvidia-dcgm-exporter,NVIDIA A100-SXM4-80GB,nvidia-gpu-operator,nvidia-dcgm-exporter-xq25l,openshift-monitoring/k8s,nvidia-dcgm-exporter,69325.0,,,
2024-05-21 18:38:13.667999983,NVIDIA,6.16,G506.0210.00.03,2.0,1652523021837,92.00.45.00.05,535.104.05,12.535.104.05,fmaas-devstage-backen-9cjgj-worker-a100-il-rdma-3-jx6tm,GPU-b30541a1-5408-9bb3-d9fa-12665d1e7472,DCGM_FI_PROF_PCIE_TX_BYTES,nvidia-dcgm-exporter,nvidia4,gpu-metrics,4,192.241.129.18:9400,nvidia-dcgm-exporter,NVIDIA A100-SXM4-80GB,nvidia-gpu-operator,nvidia-dcgm-exporter-xq25l,openshift-monitoring/k8s,nvidia-dcgm-exporter,512915.0,,,
2024-05-21 18:38:43.667999983,NVIDIA,6.16,G506.0210.00.03,2.0,1652523021837,92.00.45.00.05,535.104.05,12.535.104.05,fmaas-devstage-backen-9cjgj-worker-a100-il-rdma-3-jx6tm,GPU-b30541a1-5408-9bb3-d9fa-12665d1e7472,DCGM_FI_PROF_PCIE_TX_BYTES,nvidia-dcgm-exporter,nvidia4,gpu-metrics,4,192.241.129.18:9400,nvidia-dcgm-exporter,NVIDIA A100-SXM4-80GB,nvidia-gpu-operator,nvidia-dcgm-exporter-xq25l,openshift-monitoring/k8s,nvidia-dcgm-exporter,715278.0,,,
2024-05-21 18:39:13.667999983,NVIDIA,6.16,G506.0210.00.03,2.0,1652523021837,92.00.45.00.05,535.104.05,12.535.104.05,fmaas-devstage-backen-9cjgj-worker-a100-il-rdma-3-jx6tm,GPU-b30541a1-5408-9bb3-d9fa-12665d1e7472,DCGM_FI_PROF_PCIE_TX_BYTES,nvidia-dcgm-exporter,nvidia4,gpu-metrics,4,192.241.129.18:9400,nvidia-dcgm-exporter,NVIDIA A100-SXM4-80GB,nvidia-gpu-operator,nvidia-dcgm-exporter-xq25l,openshift-monitoring/k8s,nvidia-dcgm-exporter,187454.0,,,
2024-05-21 18:39:43.667999983,NVIDIA,6.16,G506.0210.00.03,2.0,1652523021837,92.00.45.00.05,535.104.05,12.535.104.05,fmaas-devstage-backen-9cjgj-worker-a100-il-rdma-3-jx6tm,GPU-b30541a1-5408-9bb3-d9fa-12665d1e7472,DCGM_FI_PROF_PCIE_TX_BYTES,nvidia-dcgm-exporter,nvidia4,gpu-metrics,4,192.241.129.18:9400,nvidia-dcgm-exporter,NVIDIA A100-SXM4-80GB,nvidia-gpu-operator,nvidia-dcgm-exporter-xq25l,openshift-monitoring/k8s,nvidia-dcgm-exporter,70220.0,,,
2024-05-21 18:40:13.667999983,NVIDIA,6.16,G506.0210.00.03,2.0,1652523021837,92.00.45.00.05,535.104.05,12.535.104.05,fmaas-devstage-backen-9cjgj-worker-a100-il-rdma-3-jx6tm,GPU-b30541a1-5408-9bb3-d9fa-12665d1e7472,DCGM_FI_PROF_PCIE_TX_BYTES,nvidia-dcgm-exporter,nvidia4,gpu-metrics,4,192.241.129.18:9400,nvidia-dcgm-exporter,NVIDIA A100-SXM4-80GB,nvidia-gpu-operator,nvidia-dcgm-exporter-xq25l,openshift-monitoring/k8s,nvidia-dcgm-exporter,1098722.0,,,
2024-05-21 18:40:43.667999983,NVIDIA,6.16,G506.0210.00.03,2.0,1652523021837,92.00.45.00.05,535.104.05,12.535.104.05,fmaas-devstage-backen-9cjgj-worker-a100-il-rdma-3-jx6tm,GPU-b30541a1-5408-9bb3-d9fa-12665d1e7472,DCGM_FI_PROF_PCIE_TX_BYTES,nvidia-dcgm-exporter,nvidia4,gpu-metrics,4,192.241.129.18:9400,nvidia-dcgm-exporter,NVIDIA A100-SXM4-80GB,nvidia-gpu-operator,nvidia-dcgm-exporter-xq25l,openshift-monitoring/k8s,nvidia-dcgm-exporter,392205.0,,,
2024-05-21 18:41:13.667999983,NVIDIA,6.16,G506.0210.00.03,2.0,1652523021837,92.00.45.00.05,535.104.05,12.535.104.05,fmaas-devstage-backen-9cjgj-worker-a100-il-rdma-3-jx6tm,GPU-b30541a1-5408-9bb3-d9fa-12665d1e7472,DCGM_FI_PROF_PCIE_TX_BYTES,nvidia-dcgm-exporter,nvidia4,gpu-metrics,4,192.241.129.18:9400,nvidia-dcgm-exporter,NVIDIA A100-SXM4-80GB,nvidia-gpu-operator,nvidia-dcgm-exporter-xq25l,openshift-monitoring/k8s,nvidia-dcgm-exporter,189161.0,,,
2024-05-21 18:41:43.667999983,NVIDIA,6.16,G506.0210.00.03,2.0,1652523021837,92.00.45.00.05,535.104.05,12.535.104.05,fmaas-devstage-backen-9cjgj-worker-a100-il-rdma-3-jx6tm,GPU-b30541a1-5408-9bb3-d9fa-12665d1e7472,DCGM_FI_PROF_PCIE_TX_BYTES,nvidia-dcgm-exporter,nvidia4,gpu-metrics,4,192.241.129.18:9400,nvidia-dcgm-exporter,NVIDIA A100-SXM4-80GB,nvidia-gpu-operator,nvidia-dcgm-exporter-xq25l,openshift-monitoring/k8s,nvidia-dcgm-exporter,301558.0,,,
2024-05-21 18:42:13.667999983,NVIDIA,6.16,G506.0210.00.03,2.0,1652523021837,92.00.45.00.05,535.104.05,12.535.104.05,fmaas-devstage-backen-9cjgj-worker-a100-il-rdma-3-jx6tm,GPU-b30541a1-5408-9bb3-d9fa-12665d1e7472,DCGM_FI_PROF_PCIE_TX_BYTES,nvidia-dcgm-exporter,nvidia4,gpu-metrics,4,192.241.129.18:9400,nvidia-dcgm-exporter,NVIDIA A100-SXM4-80GB,nvidia-gpu-operator,nvidia-dcgm-exporter-xq25l,openshift-monitoring/k8s,nvidia-dcgm-exporter,130338.0,,,
2024-05-21 18:42:43.667999983,NVIDIA,6.16,G506.0210.00.03,2.0,1652523021837,92.00.45.00.05,535.104.05,12.535.104.05,fmaas-devstage-backen-9cjgj-worker-a100-il-rdma-3-jx6tm,GPU-b30541a1-5408-9bb3-d9fa-12665d1e7472,DCGM_FI_PROF_PCIE_TX_BYTES,nvidia-dcgm-exporter,nvidia4,gpu-metrics,4,192.241.129.18:9400,nvidia-dcgm-exporter,NVIDIA A100-SXM4-80GB,nvidia-gpu-operator,nvidia-dcgm-exporter-xq25l,openshift-monitoring/k8s,nvidia-dcgm-exporter,281845.0,,,
2024-05-21 18:43:13.667999983,NVIDIA,6.16,G506.0210.00.03,2.0,1652523021837,92.00.45.00.05,535.104.05,12.535.104.05,fmaas-devstage-backen-9cjgj-worker-a100-il-rdma-3-jx6tm,GPU-b30541a1-5408-9bb3-d9fa-12665d1e7472,DCGM_FI_PROF_PCIE_TX_BYTES,nvidia-dcgm-exporter,nvidia4,gpu-metrics,4,192.241.129.18:9400,nvidia-dcgm-exporter,NVIDIA A100-SXM4-80GB,nvidia-gpu-operator,nvidia-dcgm-exporter-xq25l,openshift-monitoring/k8s,nvidia-dcgm-exporter,202228.0,,,
2024-05-21 18:43:43.667999983,NVIDIA,6.16,G506.0210.00.03,2.0,1652523021837,92.00.45.00.05,535.104.05,12.535.104.05,fmaas-devstage-backen-9cjgj-worker-a100-il-rdma-3-jx6tm,GPU-b30541a1-5408-9bb3-d9fa-12665d1e7472,DCGM_FI_PROF_PCIE_TX_BYTES,nvidia-dcgm-exporter,nvidia4,gpu-metrics,4,192.241.129.18:9400,nvidia-dcgm-exporter,NVIDIA A100-SXM4-80GB,nvidia-gpu-operator,nvidia-dcgm-exporter-xq25l,openshift-monitoring/k8s,nvidia-dcgm-exporter,133338.0,,,
2024-05-21 18:44:13.667999983,NVIDIA,6.16,G506.0210.00.03,2.0,1652523021837,92.00.45.00.05,535.104.05,12.535.104.05,fmaas-devstage-backen-9cjgj-worker-a100-il-rdma-3-jx6tm,GPU-b30541a1-5408-9bb3-d9fa-12665d1e7472,DCGM_FI_PROF_PCIE_TX_BYTES,nvidia-dcgm-exporter,nvidia4,gpu-metrics,4,192.241.129.18:9400,nvidia-dcgm-exporter,NVIDIA A100-SXM4-80GB,nvidia-gpu-operator,nvidia-dcgm-exporter-xq25l,openshift-monitoring/k8s,nvidia-dcgm-exporter,72619.0,,,
2024-05-21 18:44:43.667999983,NVIDIA,6.16,G506.0210.00.03,2.0,1652523021837,92.00.45.00.05,535.104.05,12.535.104.05,fmaas-devstage-backen-9cjgj-worker-a100-il-rdma-3-jx6tm,GPU-b30541a1-5408-9bb3-d9fa-12665d1e7472,DCGM_FI_PROF_PCIE_TX_BYTES,nvidia-dcgm-exporter,nvidia4,gpu-metrics,4,192.241.129.18:9400,nvidia-dcgm-exporter,NVIDIA A100-SXM4-80GB,nvidia-gpu-operator,nvidia-dcgm-exporter-xq25l,openshift-monitoring/k8s,nvidia-dcgm-exporter,741515.0,,,
2024-05-21 18:45:13.667999983,NVIDIA,6.16,G506.0210.00.03,2.0,1652523021837,92.00.45.00.05,535.104.05,12.535.104.05,fmaas-devstage-backen-9cjgj-worker-a100-il-rdma-3-jx6tm,GPU-b30541a1-5408-9bb3-d9fa-12665d1e7472,DCGM_FI_PROF_PCIE_TX_BYTES,nvidia-dcgm-exporter,nvidia4,gpu-metrics,4,192.241.129.18:9400,nvidia-dcgm-exporter,NVIDIA A100-SXM4-80GB,nvidia-gpu-operator,nvidia-dcgm-exporter-xq25l,openshift-monitoring/k8s,nvidia-dcgm-exporter,237464.0,,,
2024-05-21 18:45:43.667999983,NVIDIA,6.16,G506.0210.00.03,2.0,1652523021837,92.00.45.00.05,535.104.05,12.535.104.05,fmaas-devstage-backen-9cjgj-worker-a100-il-rdma-3-jx6tm,GPU-b30541a1-5408-9bb3-d9fa-12665d1e7472,DCGM_FI_PROF_PCIE_TX_BYTES,nvidia-dcgm-exporter,nvidia4,gpu-metrics,4,192.241.129.18:9400,nvidia-dcgm-exporter,NVIDIA A100-SXM4-80GB,nvidia-gpu-operator,nvidia-dcgm-exporter-xq25l,openshift-monitoring/k8s,nvidia-dcgm-exporter,80887.0,,,
2024-05-21 18:46:13.667999983,NVIDIA,6.16,G506.0210.00.03,2.0,1652523021837,92.00.45.00.05,535.104.05,12.535.104.05,fmaas-devstage-backen-9cjgj-worker-a100-il-rdma-3-jx6tm,GPU-b30541a1-5408-9bb3-d9fa-12665d1e7472,DCGM_FI_PROF_PCIE_TX_BYTES,nvidia-dcgm-exporter,nvidia4,gpu-metrics,4,192.241.129.18:9400,nvidia-dcgm-exporter,NVIDIA A100-SXM4-80GB,nvidia-gpu-operator,nvidia-dcgm-exporter-xq25l,openshift-monitoring/k8s,nvidia-dcgm-exporter,46784.0,,,
2024-05-21 18:36:30.772000074,NVIDIA,6.16,G506.0210.00.03,2.0,1652523023451,92.00.45.00.05,535.104.05,12.535.104.05,fmaas-devstage-backen-9cjgj-worker-a100-il-rdma-3-jx6tm,GPU-5a7be2c2-efcc-3083-73b1-eee12a966584,DCGM_FI_PROF_PCIE_TX_BYTES,nvidia-dcgm-exporter,nvidia0,gpu-metrics,0,192.241.129.18:9400,nvidia-dcgm-exporter,NVIDIA A100-SXM4-80GB,nvidia-gpu-operator,nvidia-dcgm-exporter-xq25l,openshift-monitoring/k8s,nvidia-dcgm-exporter,421183.0,,,
2024-05-21 18:36:43.667999983,NVIDIA,6.16,G506.0210.00.03,2.0,1652523023451,92.00.45.00.05,535.104.05,12.535.104.05,fmaas-devstage-backen-9cjgj-worker-a100-il-rdma-3-jx6tm,GPU-5a7be2c2-efcc-3083-73b1-eee12a966584,DCGM_FI_PROF_PCIE_TX_BYTES,nvidia-dcgm-exporter,nvidia0,gpu-metrics,0,192.241.129.18:9400,nvidia-dcgm-exporter,NVIDIA A100-SXM4-80GB,nvidia-gpu-operator,nvidia-dcgm-exporter-xq25l,openshift-monitoring/k8s,nvidia-dcgm-exporter,537122.0,,,
2024-05-21 18:37:13.667999983,NVIDIA,6.16,G506.0210.00.03,2.0,1652523023451,92.00.45.00.05,535.104.05,12.535.104.05,fmaas-devstage-backen-9cjgj-worker-a100-il-rdma-3-jx6tm,GPU-5a7be2c2-efcc-3083-73b1-eee12a966584,DCGM_FI_PROF_PCIE_TX_BYTES,nvidia-dcgm-exporter,nvidia0,gpu-metrics,0,192.241.129.18:9400,nvidia-dcgm-exporter,NVIDIA A100-SXM4-80GB,nvidia-gpu-operator,nvidia-dcgm-exporter-xq25l,openshift-monitoring/k8s,nvidia-dcgm-exporter,223509.0,,,
2024-05-21 18:37:43.667999983,NVIDIA,6.16,G506.0210.00.03,2.0,1652523023451,92.00.45.00.05,535.104.05,12.535.104.05,fmaas-devstage-backen-9cjgj-worker-a100-il-rdma-3-jx6tm,GPU-5a7be2c2-efcc-3083-73b1-eee12a966584,DCGM_FI_PROF_PCIE_TX_BYTES,nvidia-dcgm-exporter,nvidia0,gpu-metrics,0,192.241.129.18:9400,nvidia-dcgm-exporter,NVIDIA A100-SXM4-80GB,nvidia-gpu-operator,nvidia-dcgm-exporter-xq25l,openshift-monitoring/k8s,nvidia-dcgm-exporter,583766.0,,,
2024-05-21 18:38:13.667999983,NVIDIA,6.16,G506.0210.00.03,2.0,1652523023451,92.00.45.00.05,535.104.05,12.535.104.05,fmaas-devstage-backen-9cjgj-worker-a100-il-rdma-3-jx6tm,GPU-5a7be2c2-efcc-3083-73b1-eee12a966584,DCGM_FI_PROF_PCIE_TX_BYTES,nvidia-dcgm-exporter,nvidia0,gpu-metrics,0,192.241.129.18:9400,nvidia-dcgm-exporter,NVIDIA A100-SXM4-80GB,nvidia-gpu-operator,nvidia-dcgm-exporter-xq25l,openshift-monitoring/k8s,nvidia-dcgm-exporter,44336.0,,,
2024-05-21 18:38:43.667999983,NVIDIA,6.16,G506.0210.00.03,2.0,1652523023451,92.00.45.00.05,535.104.05,12.535.104.05,fmaas-devstage-backen-9cjgj-worker-a100-il-rdma-3-jx6tm,GPU-5a7be2c2-efcc-3083-73b1-eee12a966584,DCGM_FI_PROF_PCIE_TX_BYTES,nvidia-dcgm-exporter,nvidia0,gpu-metrics,0,192.241.129.18:9400,nvidia-dcgm-exporter,NVIDIA A100-SXM4-80GB,nvidia-gpu-operator,nvidia-dcgm-exporter-xq25l,openshift-monitoring/k8s,nvidia-dcgm-exporter,391893.0,,,
2024-05-21 18:39:13.667999983,NVIDIA,6.16,G506.0210.00.03,2.0,1652523023451,92.00.45.00.05,535.104.05,12.535.104.05,fmaas-devstage-backen-9cjgj-worker-a100-il-rdma-3-jx6tm,GPU-5a7be2c2-efcc-3083-73b1-eee12a966584,DCGM_FI_PROF_PCIE_TX_BYTES,nvidia-dcgm-exporter,nvidia0,gpu-metrics,0,192.241.129.18:9400,nvidia-dcgm-exporter,NVIDIA A100-SXM4-80GB,nvidia-gpu-operator,nvidia-dcgm-exporter-xq25l,openshift-monitoring/k8s,nvidia-dcgm-exporter,114117.0,,,
2024-05-21 18:39:43.667999983,NVIDIA,6.16,G506.0210.00.03,2.0,1652523023451,92.00.45.00.05,535.104.05,12.535.104.05,fmaas-devstage-backen-9cjgj-worker-a100-il-rdma-3-jx6tm,GPU-5a7be2c2-efcc-3083-73b1-eee12a966584,DCGM_FI_PROF_PCIE_TX_BYTES,nvidia-dcgm-exporter,nvidia0,gpu-metrics,0,192.241.129.18:9400,nvidia-dcgm-exporter,NVIDIA A100-SXM4-80GB,nvidia-gpu-operator,nvidia-dcgm-exporter-xq25l,openshift-monitoring/k8s,nvidia-dcgm-exporter,479287.0,,,
2024-05-21 18:40:13.667999983,NVIDIA,6.16,G506.0210.00.03,2.0,1652523023451,92.00.45.00.05,535.104.05,12.535.104.05,fmaas-devstage-backen-9cjgj-worker-a100-il-rdma-3-jx6tm,GPU-5a7be2c2-efcc-3083-73b1-eee12a966584,DCGM_FI_PROF_PCIE_TX_BYTES,nvidia-dcgm-exporter,nvidia0,gpu-metrics,0,192.241.129.18:9400,nvidia-dcgm-exporter,NVIDIA A100-SXM4-80GB,nvidia-gpu-operator,nvidia-dcgm-exporter-xq25l,openshift-monitoring/k8s,nvidia-dcgm-exporter,1426630.0,,,
2024-05-21 18:40:43.667999983,NVIDIA,6.16,G506.0210.00.03,2.0,1652523023451,92.00.45.00.05,535.104.05,12.535.104.05,fmaas-devstage-backen-9cjgj-worker-a100-il-rdma-3-jx6tm,GPU-5a7be2c2-efcc-3083-73b1-eee12a966584,DCGM_FI_PROF_PCIE_TX_BYTES,nvidia-dcgm-exporter,nvidia0,gpu-metrics,0,192.241.129.18:9400,nvidia-dcgm-exporter,NVIDIA A100-SXM4-80GB,nvidia-gpu-operator,nvidia-dcgm-exporter-xq25l,openshift-monitoring/k8s,nvidia-dcgm-exporter,202140.0,,,
2024-05-21 18:41:13.667999983,NVIDIA,6.16,G506.0210.00.03,2.0,1652523023451,92.00.45.00.05,535.104.05,12.535.104.05,fmaas-devstage-backen-9cjgj-worker-a100-il-rdma-3-jx6tm,GPU-5a7be2c2-efcc-3083-73b1-eee12a966584,DCGM_FI_PROF_PCIE_TX_BYTES,nvidia-dcgm-exporter,nvidia0,gpu-metrics,0,192.241.129.18:9400,nvidia-dcgm-exporter,NVIDIA A100-SXM4-80GB,nvidia-gpu-operator,nvidia-dcgm-exporter-xq25l,openshift-monitoring/k8s,nvidia-dcgm-exporter,378198.0,,,
2024-05-21 18:41:43.667999983,NVIDIA,6.16,G506.0210.00.03,2.0,1652523023451,92.00.45.00.05,535.104.05,12.535.104.05,fmaas-devstage-backen-9cjgj-worker-a100-il-rdma-3-jx6tm,GPU-5a7be2c2-efcc-3083-73b1-eee12a966584,DCGM_FI_PROF_PCIE_TX_BYTES,nvidia-dcgm-exporter,nvidia0,gpu-metrics,0,192.241.129.18:9400,nvidia-dcgm-exporter,NVIDIA A100-SXM4-80GB,nvidia-gpu-operator,nvidia-dcgm-exporter-xq25l,openshift-monitoring/k8s,nvidia-dcgm-exporter,449326.0,,,
2024-05-21 18:42:13.667999983,NVIDIA,6.16,G506.0210.00.03,2.0,1652523023451,92.00.45.00.05,535.104.05,12.535.104.05,fmaas-devstage-backen-9cjgj-worker-a100-il-rdma-3-jx6tm,GPU-5a7be2c2-efcc-3083-73b1-eee12a966584,DCGM_FI_PROF_PCIE_TX_BYTES,nvidia-dcgm-exporter,nvidia0,gpu-metrics,0,192.241.129.18:9400,nvidia-dcgm-exporter,NVIDIA A100-SXM4-80GB,nvidia-gpu-operator,nvidia-dcgm-exporter-xq25l,openshift-monitoring/k8s,nvidia-dcgm-exporter,182891.0,,,
2024-05-21 18:42:43.667999983,NVIDIA,6.16,G506.0210.00.03,2.0,1652523023451,92.00.45.00.05,535.104.05,12.535.104.05,fmaas-devstage-backen-9cjgj-worker-a100-il-rdma-3-jx6tm,GPU-5a7be2c2-efcc-3083-73b1-eee12a966584,DCGM_FI_PROF_PCIE_TX_BYTES,nvidia-dcgm-exporter,nvidia0,gpu-metrics,0,192.241.129.18:9400,nvidia-dcgm-exporter,NVIDIA A100-SXM4-80GB,nvidia-gpu-operator,nvidia-dcgm-exporter-xq25l,openshift-monitoring/k8s,nvidia-dcgm-exporter,393834.0,,,
2024-05-21 18:43:13.667999983,NVIDIA,6.16,G506.0210.00.03,2.0,1652523023451,92.00.45.00.05,535.104.05,12.535.104.05,fmaas-devstage-backen-9cjgj-worker-a100-il-rdma-3-jx6tm,GPU-5a7be2c2-efcc-3083-73b1-eee12a966584,DCGM_FI_PROF_PCIE_TX_BYTES,nvidia-dcgm-exporter,nvidia0,gpu-metrics,0,192.241.129.18:9400,nvidia-dcgm-exporter,NVIDIA A100-SXM4-80GB,nvidia-gpu-operator,nvidia-dcgm-exporter-xq25l,openshift-monitoring/k8s,nvidia-dcgm-exporter,152114.0,,,
2024-05-21 18:43:43.667999983,NVIDIA,6.16,G506.0210.00.03,2.0,1652523023451,92.00.45.00.05,535.104.05,12.535.104.05,fmaas-devstage-backen-9cjgj-worker-a100-il-rdma-3-jx6tm,GPU-5a7be2c2-efcc-3083-73b1-eee12a966584,DCGM_FI_PROF_PCIE_TX_BYTES,nvidia-dcgm-exporter,nvidia0,gpu-metrics,0,192.241.129.18:9400,nvidia-dcgm-exporter,NVIDIA A100-SXM4-80GB,nvidia-gpu-operator,nvidia-dcgm-exporter-xq25l,openshift-monitoring/k8s,nvidia-dcgm-exporter,369351.0,,,
2024-05-21 18:44:13.667999983,NVIDIA,6.16,G506.0210.00.03,2.0,1652523023451,92.00.45.00.05,535.104.05,12.535.104.05,fmaas-devstage-backen-9cjgj-worker-a100-il-rdma-3-jx6tm,GPU-5a7be2c2-efcc-3083-73b1-eee12a966584,DCGM_FI_PROF_PCIE_TX_BYTES,nvidia-dcgm-exporter,nvidia0,gpu-metrics,0,192.241.129.18:9400,nvidia-dcgm-exporter,NVIDIA A100-SXM4-80GB,nvidia-gpu-operator,nvidia-dcgm-exporter-xq25l,openshift-monitoring/k8s,nvidia-dcgm-exporter,167625.0,,,
2024-05-21 18:44:43.667999983,NVIDIA,6.16,G506.0210.00.03,2.0,1652523023451,92.00.45.00.05,535.104.05,12.535.104.05,fmaas-devstage-backen-9cjgj-worker-a100-il-rdma-3-jx6tm,GPU-5a7be2c2-efcc-3083-73b1-eee12a966584,DCGM_FI_PROF_PCIE_TX_BYTES,nvidia-dcgm-exporter,nvidia0,gpu-metrics,0,192.241.129.18:9400,nvidia-dcgm-exporter,NVIDIA A100-SXM4-80GB,nvidia-gpu-operator,nvidia-dcgm-exporter-xq25l,openshift-monitoring/k8s,nvidia-dcgm-exporter,586208.0,,,
2024-05-21 18:45:13.667999983,NVIDIA,6.16,G506.0210.00.03,2.0,1652523023451,92.00.45.00.05,535.104.05,12.535.104.05,fmaas-devstage-backen-9cjgj-worker-a100-il-rdma-3-jx6tm,GPU-5a7be2c2-efcc-3083-73b1-eee12a966584,DCGM_FI_PROF_PCIE_TX_BYTES,nvidia-dcgm-exporter,nvidia0,gpu-metrics,0,192.241.129.18:9400,nvidia-dcgm-exporter,NVIDIA A100-SXM4-80GB,nvidia-gpu-operator,nvidia-dcgm-exporter-xq25l,openshift-monitoring/k8s,nvidia-dcgm-exporter,248478.0,,,
2024-05-21 18:45:43.667999983,NVIDIA,6.16,G506.0210.00.03,2.0,1652523023451,92.00.45.00.05,535.104.05,12.535.104.05,fmaas-devstage-backen-9cjgj-worker-a100-il-rdma-3-jx6tm,GPU-5a7be2c2-efcc-3083-73b1-eee12a966584,DCGM_FI_PROF_PCIE_TX_BYTES,nvidia-dcgm-exporter,nvidia0,gpu-metrics,0,192.241.129.18:9400,nvidia-dcgm-exporter,NVIDIA A100-SXM4-80GB,nvidia-gpu-operator,nvidia-dcgm-exporter-xq25l,openshift-monitoring/k8s,nvidia-dcgm-exporter,215362.0,,,
2024-05-21 18:46:13.667999983,NVIDIA,6.16,G506.0210.00.03,2.0,1652523023451,92.00.45.00.05,535.104.05,12.535.104.05,fmaas-devstage-backen-9cjgj-worker-a100-il-rdma-3-jx6tm,GPU-5a7be2c2-efcc-3083-73b1-eee12a966584,DCGM_FI_PROF_PCIE_TX_BYTES,nvidia-dcgm-exporter,nvidia0,gpu-metrics,0,192.241.129.18:9400,nvidia-dcgm-exporter,NVIDIA A100-SXM4-80GB,nvidia-gpu-operator,nvidia-dcgm-exporter-xq25l,openshift-monitoring/k8s,nvidia-dcgm-exporter,79411.0,,,
2024-05-21 18:46:30.772000074,NVIDIA,6.16,G506.0210.00.03,2.0,1652523001873,92.00.45.00.05,535.104.05,12.535.104.05,fmaas-devstage-backen-9cjgj-worker-a100-il-rdma-3-jx6tm,GPU-005a31d4-76ae-2dd3-af84-3b7039e24835,DCGM_FI_PROF_PCIE_TX_BYTES,nvidia-dcgm-exporter,nvidia6,gpu-metrics,6,192.241.129.18:9400,nvidia-dcgm-exporter,NVIDIA A100-SXM4-80GB,nvidia-gpu-operator,nvidia-dcgm-exporter-xq25l,openshift-monitoring/k8s,nvidia-dcgm-exporter,55995.0,,,
2024-05-21 18:46:43.667999983,NVIDIA,6.16,G506.0210.00.03,2.0,1652523001873,92.00.45.00.05,535.104.05,12.535.104.05,fmaas-devstage-backen-9cjgj-worker-a100-il-rdma-3-jx6tm,GPU-005a31d4-76ae-2dd3-af84-3b7039e24835,DCGM_FI_PROF_PCIE_TX_BYTES,nvidia-dcgm-exporter,nvidia6,gpu-metrics,6,192.241.129.18:9400,nvidia-dcgm-exporter,NVIDIA A100-SXM4-80GB,nvidia-gpu-operator,nvidia-dcgm-exporter-xq25l,openshift-monitoring/k8s,nvidia-dcgm-exporter,499251.0,,,
2024-05-21 18:47:13.667999983,NVIDIA,6.16,G506.0210.00.03,2.0,1652523001873,92.00.45.00.05,535.104.05,12.535.104.05,fmaas-devstage-backen-9cjgj-worker-a100-il-rdma-3-jx6tm,GPU-005a31d4-76ae-2dd3-af84-3b7039e24835,DCGM_FI_PROF_PCIE_TX_BYTES,nvidia-dcgm-exporter,nvidia6,gpu-metrics,6,192.241.129.18:9400,nvidia-dcgm-exporter,NVIDIA A100-SXM4-80GB,nvidia-gpu-operator,nvidia-dcgm-exporter-xq25l,openshift-monitoring/k8s,nvidia-dcgm-exporter,303416.0,,,
2024-05-21 18:47:43.667999983,NVIDIA,6.16,G506.0210.00.03,2.0,1652523001873,92.00.45.00.05,535.104.05,12.535.104.05,fmaas-devstage-backen-9cjgj-worker-a100-il-rdma-3-jx6tm,GPU-005a31d4-76ae-2dd3-af84-3b7039e24835,DCGM_FI_PROF_PCIE_TX_BYTES,nvidia-dcgm-exporter,nvidia6,gpu-metrics,6,192.241.129.18:9400,nvidia-dcgm-exporter,NVIDIA A100-SXM4-80GB,nvidia-gpu-operator,nvidia-dcgm-exporter-xq25l,openshift-monitoring/k8s,nvidia-dcgm-exporter,370450.0,,,
2024-05-21 18:48:13.667999983,NVIDIA,6.16,G506.0210.00.03,2.0,1652523001873,92.00.45.00.05,535.104.05,12.535.104.05,fmaas-devstage-backen-9cjgj-worker-a100-il-rdma-3-jx6tm,GPU-005a31d4-76ae-2dd3-af84-3b7039e24835,DCGM_FI_PROF_PCIE_TX_BYTES,nvidia-dcgm-exporter,nvidia6,gpu-metrics,6,192.241.129.18:9400,nvidia-dcgm-exporter,NVIDIA A100-SXM4-80GB,nvidia-gpu-operator,nvidia-dcgm-exporter-xq25l,openshift-monitoring/k8s,nvidia-dcgm-exporter,196296.0,,,
2024-05-21 18:48:43.667999983,NVIDIA,6.16,G506.0210.00.03,2.0,1652523001873,92.00.45.00.05,535.104.05,12.535.104.05,fmaas-devstage-backen-9cjgj-worker-a100-il-rdma-3-jx6tm,GPU-005a31d4-76ae-2dd3-af84-3b7039e24835,DCGM_FI_PROF_PCIE_TX_BYTES,nvidia-dcgm-exporter,nvidia6,gpu-metrics,6,192.241.129.18:9400,nvidia-dcgm-exporter,NVIDIA A100-SXM4-80GB,nvidia-gpu-operator,nvidia-dcgm-exporter-xq25l,openshift-monitoring/k8s,nvidia-dcgm-exporter,399706.0,,,
2024-05-21 18:49:13.667999983,NVIDIA,6.16,G506.0210.00.03,2.0,1652523001873,92.00.45.00.05,535.104.05,12.535.104.05,fmaas-devstage-backen-9cjgj-worker-a100-il-rdma-3-jx6tm,GPU-005a31d4-76ae-2dd3-af84-3b7039e24835,DCGM_FI_PROF_PCIE_TX_BYTES,nvidia-dcgm-exporter,nvidia6,gpu-metrics,6,192.241.129.18:9400,nvidia-dcgm-exporter,NVIDIA A100-SXM4-80GB,nvidia-gpu-operator,nvidia-dcgm-exporter-xq25l,openshift-monitoring/k8s,nvidia-dcgm-exporter,253598.0,,,
2024-05-21 18:49:43.667999983,NVIDIA,6.16,G506.0210.00.03,2.0,1652523001873,92.00.45.00.05,535.104.05,12.535.104.05,fmaas-devstage-backen-9cjgj-worker-a100-il-rdma-3-jx6tm,GPU-005a31d4-76ae-2dd3-af84-3b7039e24835,DCGM_FI_PROF_PCIE_TX_BYTES,nvidia-dcgm-exporter,nvidia6,gpu-metrics,6,192.241.129.18:9400,nvidia-dcgm-exporter,NVIDIA A100-SXM4-80GB,nvidia-gpu-operator,nvidia-dcgm-exporter-xq25l,openshift-monitoring/k8s,nvidia-dcgm-exporter,1091492.0,,,
2024-05-21 18:50:13.667999983,NVIDIA,6.16,G506.0210.00.03,2.0,1652523001873,92.00.45.00.05,535.104.05,12.535.104.05,fmaas-devstage-backen-9cjgj-worker-a100-il-rdma-3-jx6tm,GPU-005a31d4-76ae-2dd3-af84-3b7039e24835,DCGM_FI_PROF_PCIE_TX_BYTES,nvidia-dcgm-exporter,nvidia6,gpu-metrics,6,192.241.129.18:9400,nvidia-dcgm-exporter,NVIDIA A100-SXM4-80GB,nvidia-gpu-operator,nvidia-dcgm-exporter-xq25l,openshift-monitoring/k8s,nvidia-dcgm-exporter,364967.0,,,
2024-05-21 18:50:43.667999983,NVIDIA,6.16,G506.0210.00.03,2.0,1652523001873,92.00.45.00.05,535.104.05,12.535.104.05,fmaas-devstage-backen-9cjgj-worker-a100-il-rdma-3-jx6tm,GPU-005a31d4-76ae-2dd3-af84-3b7039e24835,DCGM_FI_PROF_PCIE_TX_BYTES,nvidia-dcgm-exporter,nvidia6,gpu-metrics,6,192.241.129.18:9400,nvidia-dcgm-exporter,NVIDIA A100-SXM4-80GB,nvidia-gpu-operator,nvidia-dcgm-exporter-xq25l,openshift-monitoring/k8s,nvidia-dcgm-exporter,1072526.0,,,
2024-05-21 18:51:13.667999983,NVIDIA,6.16,G506.0210.00.03,2.0,1652523001873,92.00.45.00.05,535.104.05,12.535.104.05,fmaas-devstage-backen-9cjgj-worker-a100-il-rdma-3-jx6tm,GPU-005a31d4-76ae-2dd3-af84-3b7039e24835,DCGM_FI_PROF_PCIE_TX_BYTES,nvidia-dcgm-exporter,nvidia6,gpu-metrics,6,192.241.129.18:9400,nvidia-dcgm-exporter,NVIDIA A100-SXM4-80GB,nvidia-gpu-operator,nvidia-dcgm-exporter-xq25l,openshift-monitoring/k8s,nvidia-dcgm-exporter,479793.0,,,
2024-05-21 18:51:43.667999983,NVIDIA,6.16,G506.0210.00.03,2.0,1652523001873,92.00.45.00.05,535.104.05,12.535.104.05,fmaas-devstage-backen-9cjgj-worker-a100-il-rdma-3-jx6tm,GPU-005a31d4-76ae-2dd3-af84-3b7039e24835,DCGM_FI_PROF_PCIE_TX_BYTES,nvidia-dcgm-exporter,nvidia6,gpu-metrics,6,192.241.129.18:9400,nvidia-dcgm-exporter,NVIDIA A100-SXM4-80GB,nvidia-gpu-operator,nvidia-dcgm-exporter-xq25l,openshift-monitoring/k8s,nvidia-dcgm-exporter,275843.0,,,
2024-05-21 18:52:13.667999983,NVIDIA,6.16,G506.0210.00.03,2.0,1652523001873,92.00.45.00.05,535.104.05,12.535.104.05,fmaas-devstage-backen-9cjgj-worker-a100-il-rdma-3-jx6tm,GPU-005a31d4-76ae-2dd3-af84-3b7039e24835,DCGM_FI_PROF_PCIE_TX_BYTES,nvidia-dcgm-exporter,nvidia6,gpu-metrics,6,192.241.129.18:9400,nvidia-dcgm-exporter,NVIDIA A100-SXM4-80GB,nvidia-gpu-operator,nvidia-dcgm-exporter-xq25l,openshift-monitoring/k8s,nvidia-dcgm-exporter,368103.0,,,
2024-05-21 18:52:43.667999983,NVIDIA,6.16,G506.0210.00.03,2.0,1652523001873,92.00.45.00.05,535.104.05,12.535.104.05,fmaas-devstage-backen-9cjgj-worker-a100-il-rdma-3-jx6tm,GPU-005a31d4-76ae-2dd3-af84-3b7039e24835,DCGM_FI_PROF_PCIE_TX_BYTES,nvidia-dcgm-exporter,nvidia6,gpu-metrics,6,192.241.129.18:9400,nvidia-dcgm-exporter,NVIDIA A100-SXM4-80GB,nvidia-gpu-operator,nvidia-dcgm-exporter-xq25l,openshift-monitoring/k8s,nvidia-dcgm-exporter,205734.0,,,
2024-05-21 18:53:13.667999983,NVIDIA,6.16,G506.0210.00.03,2.0,1652523001873,92.00.45.00.05,535.104.05,12.535.104.05,fmaas-devstage-backen-9cjgj-worker-a100-il-rdma-3-jx6tm,GPU-005a31d4-76ae-2dd3-af84-3b7039e24835,DCGM_FI_PROF_PCIE_TX_BYTES,nvidia-dcgm-exporter,nvidia6,gpu-metrics,6,192.241.129.18:9400,nvidia-dcgm-exporter,NVIDIA A100-SXM4-80GB,nvidia-gpu-operator,nvidia-dcgm-exporter-xq25l,openshift-monitoring/k8s,nvidia-dcgm-exporter,462076.0,,,
2024-05-21 18:53:43.667999983,NVIDIA,6.16,G506.0210.00.03,2.0,1652523001873,92.00.45.00.05,535.104.05,12.535.104.05,fmaas-devstage-backen-9cjgj-worker-a100-il-rdma-3-jx6tm,GPU-005a31d4-76ae-2dd3-af84-3b7039e24835,DCGM_FI_PROF_PCIE_TX_BYTES,nvidia-dcgm-exporter,nvidia6,gpu-metrics,6,192.241.129.18:9400,nvidia-dcgm-exporter,NVIDIA A100-SXM4-80GB,nvidia-gpu-operator,nvidia-dcgm-exporter-xq25l,openshift-monitoring/k8s,nvidia-dcgm-exporter,122475.0,,,
2024-05-21 18:54:13.667999983,NVIDIA,6.16,G506.0210.00.03,2.0,1652523001873,92.00.45.00.05,535.104.05,12.535.104.05,fmaas-devstage-backen-9cjgj-worker-a100-il-rdma-3-jx6tm,GPU-005a31d4-76ae-2dd3-af84-3b7039e24835,DCGM_FI_PROF_PCIE_TX_BYTES,nvidia-dcgm-exporter,nvidia6,gpu-metrics,6,192.241.129.18:9400,nvidia-dcgm-exporter,NVIDIA A100-SXM4-80GB,nvidia-gpu-operator,nvidia-dcgm-exporter-xq25l,openshift-monitoring/k8s,nvidia-dcgm-exporter,307093.0,,,
2024-05-21 18:54:43.667999983,NVIDIA,6.16,G506.0210.00.03,2.0,1652523001873,92.00.45.00.05,535.104.05,12.535.104.05,fmaas-devstage-backen-9cjgj-worker-a100-il-rdma-3-jx6tm,GPU-005a31d4-76ae-2dd3-af84-3b7039e24835,DCGM_FI_PROF_PCIE_TX_BYTES,nvidia-dcgm-exporter,nvidia6,gpu-metrics,6,192.241.129.18:9400,nvidia-dcgm-exporter,NVIDIA A100-SXM4-80GB,nvidia-gpu-operator,nvidia-dcgm-exporter-xq25l,openshift-monitoring/k8s,nvidia-dcgm-exporter,179041.0,,,
2024-05-21 18:55:13.667999983,NVIDIA,6.16,G506.0210.00.03,2.0,1652523001873,92.00.45.00.05,535.104.05,12.535.104.05,fmaas-devstage-backen-9cjgj-worker-a100-il-rdma-3-jx6tm,GPU-005a31d4-76ae-2dd3-af84-3b7039e24835,DCGM_FI_PROF_PCIE_TX_BYTES,nvidia-dcgm-exporter,nvidia6,gpu-metrics,6,192.241.129.18:9400,nvidia-dcgm-exporter,NVIDIA A100-SXM4-80GB,nvidia-gpu-operator,nvidia-dcgm-exporter-xq25l,openshift-monitoring/k8s,nvidia-dcgm-exporter,490354.0,,,
2024-05-21 18:55:43.667999983,NVIDIA,6.16,G506.0210.00.03,2.0,1652523001873,92.00.45.00.05,535.104.05,12.535.104.05,fmaas-devstage-backen-9cjgj-worker-a100-il-rdma-3-jx6tm,GPU-005a31d4-76ae-2dd3-af84-3b7039e24835,DCGM_FI_PROF_PCIE_TX_BYTES,nvidia-dcgm-exporter,nvidia6,gpu-metrics,6,192.241.129.18:9400,nvidia-dcgm-exporter,NVIDIA A100-SXM4-80GB,nvidia-gpu-operator,nvidia-dcgm-exporter-xq25l,openshift-monitoring/k8s,nvidia-dcgm-exporter,187167.0,,,
2024-05-21 18:56:13.667999983,NVIDIA,6.16,G506.0210.00.03,2.0,1652523001873,92.00.45.00.05,535.104.05,12.535.104.05,fmaas-devstage-backen-9cjgj-worker-a100-il-rdma-3-jx6tm,GPU-005a31d4-76ae-2dd3-af84-3b7039e24835,DCGM_FI_PROF_PCIE_TX_BYTES,nvidia-dcgm-exporter,nvidia6,gpu-metrics,6,192.241.129.18:9400,nvidia-dcgm-exporter,NVIDIA A100-SXM4-80GB,nvidia-gpu-operator,nvidia-dcgm-exporter-xq25l,openshift-monitoring/k8s,nvidia-dcgm-exporter,323379.0,,,
2024-05-21 18:46:30.772000074,NVIDIA,6.16,G506.0210.00.03,2.0,1652523002864,92.00.45.00.05,535.104.05,12.535.104.05,fmaas-devstage-backen-9cjgj-worker-a100-il-rdma-3-jx6tm,GPU-bd65bd70-5a12-7002-a705-315758f75144,DCGM_FI_PROF_PCIE_TX_BYTES,nvidia-dcgm-exporter,nvidia7,gpu-metrics,7,192.241.129.18:9400,nvidia-dcgm-exporter,NVIDIA A100-SXM4-80GB,nvidia-gpu-operator,nvidia-dcgm-exporter-xq25l,openshift-monitoring/k8s,nvidia-dcgm-exporter,488186.0,caikit-runtime,fmaas-tuning,devstage-cais-bcbf7c8fb-pxhmp
2024-05-21 18:46:43.667999983,NVIDIA,6.16,G506.0210.00.03,2.0,1652523002864,92.00.45.00.05,535.104.05,12.535.104.05,fmaas-devstage-backen-9cjgj-worker-a100-il-rdma-3-jx6tm,GPU-bd65bd70-5a12-7002-a705-315758f75144,DCGM_FI_PROF_PCIE_TX_BYTES,nvidia-dcgm-exporter,nvidia7,gpu-metrics,7,192.241.129.18:9400,nvidia-dcgm-exporter,NVIDIA A100-SXM4-80GB,nvidia-gpu-operator,nvidia-dcgm-exporter-xq25l,openshift-monitoring/k8s,nvidia-dcgm-exporter,48023.0,caikit-runtime,fmaas-tuning,devstage-cais-bcbf7c8fb-pxhmp
2024-05-21 18:47:13.667999983,NVIDIA,6.16,G506.0210.00.03,2.0,1652523002864,92.00.45.00.05,535.104.05,12.535.104.05,fmaas-devstage-backen-9cjgj-worker-a100-il-rdma-3-jx6tm,GPU-bd65bd70-5a12-7002-a705-315758f75144,DCGM_FI_PROF_PCIE_TX_BYTES,nvidia-dcgm-exporter,nvidia7,gpu-metrics,7,192.241.129.18:9400,nvidia-dcgm-exporter,NVIDIA A100-SXM4-80GB,nvidia-gpu-operator,nvidia-dcgm-exporter-xq25l,openshift-monitoring/k8s,nvidia-dcgm-exporter,45776.0,caikit-runtime,fmaas-tuning,devstage-cais-bcbf7c8fb-pxhmp
2024-05-21 18:47:43.667999983,NVIDIA,6.16,G506.0210.00.03,2.0,1652523002864,92.00.45.00.05,535.104.05,12.535.104.05,fmaas-devstage-backen-9cjgj-worker-a100-il-rdma-3-jx6tm,GPU-bd65bd70-5a12-7002-a705-315758f75144,DCGM_FI_PROF_PCIE_TX_BYTES,nvidia-dcgm-exporter,nvidia7,gpu-metrics,7,192.241.129.18:9400,nvidia-dcgm-exporter,NVIDIA A100-SXM4-80GB,nvidia-gpu-operator,nvidia-dcgm-exporter-xq25l,openshift-monitoring/k8s,nvidia-dcgm-exporter,167826.0,caikit-runtime,fmaas-tuning,devstage-cais-bcbf7c8fb-pxhmp
2024-05-21 18:48:13.667999983,NVIDIA,6.16,G506.0210.00.03,2.0,1652523002864,92.00.45.00.05,535.104.05,12.535.104.05,fmaas-devstage-backen-9cjgj-worker-a100-il-rdma-3-jx6tm,GPU-bd65bd70-5a12-7002-a705-315758f75144,DCGM_FI_PROF_PCIE_TX_BYTES,nvidia-dcgm-exporter,nvidia7,gpu-metrics,7,192.241.129.18:9400,nvidia-dcgm-exporter,NVIDIA A100-SXM4-80GB,nvidia-gpu-operator,nvidia-dcgm-exporter-xq25l,openshift-monitoring/k8s,nvidia-dcgm-exporter,49801.0,caikit-runtime,fmaas-tuning,devstage-cais-bcbf7c8fb-pxhmp
2024-05-21 18:48:43.667999983,NVIDIA,6.16,G506.0210.00.03,2.0,1652523002864,92.00.45.00.05,535.104.05,12.535.104.05,fmaas-devstage-backen-9cjgj-worker-a100-il-rdma-3-jx6tm,GPU-bd65bd70-5a12-7002-a705-315758f75144,DCGM_FI_PROF_PCIE_TX_BYTES,nvidia-dcgm-exporter,nvidia7,gpu-metrics,7,192.241.129.18:9400,nvidia-dcgm-exporter,NVIDIA A100-SXM4-80GB,nvidia-gpu-operator,nvidia-dcgm-exporter-xq25l,openshift-monitoring/k8s,nvidia-dcgm-exporter,541445.0,caikit-runtime,fmaas-tuning,devstage-cais-bcbf7c8fb-pxhmp
2024-05-21 18:49:13.667999983,NVIDIA,6.16,G506.0210.00.03,2.0,1652523002864,92.00.45.00.05,535.104.05,12.535.104.05,fmaas-devstage-backen-9cjgj-worker-a100-il-rdma-3-jx6tm,GPU-bd65bd70-5a12-7002-a705-315758f75144,DCGM_FI_PROF_PCIE_TX_BYTES,nvidia-dcgm-exporter,nvidia7,gpu-metrics,7,192.241.129.18:9400,nvidia-dcgm-exporter,NVIDIA A100-SXM4-80GB,nvidia-gpu-operator,nvidia-dcgm-exporter-xq25l,openshift-monitoring/k8s,nvidia-dcgm-exporter,379774.0,caikit-runtime,fmaas-tuning,devstage-cais-bcbf7c8fb-pxhmp
2024-05-21 18:49:43.667999983,NVIDIA,6.16,G506.0210.00.03,2.0,1652523002864,92.00.45.00.05,535.104.05,12.535.104.05,fmaas-devstage-backen-9cjgj-worker-a100-il-rdma-3-jx6tm,GPU-bd65bd70-5a12-7002-a705-315758f75144,DCGM_FI_PROF_PCIE_TX_BYTES,nvidia-dcgm-exporter,nvidia7,gpu-metrics,7,192.241.129.18:9400,nvidia-dcgm-exporter,NVIDIA A100-SXM4-80GB,nvidia-gpu-operator,nvidia-dcgm-exporter-xq25l,openshift-monitoring/k8s,nvidia-dcgm-exporter,1096977.0,caikit-runtime,fmaas-tuning,devstage-cais-bcbf7c8fb-pxhmp
2024-05-21 18:50:13.667999983,NVIDIA,6.16,G506.0210.00.03,2.0,1652523002864,92.00.45.00.05,535.104.05,12.535.104.05,fmaas-devstage-backen-9cjgj-worker-a100-il-rdma-3-jx6tm,GPU-bd65bd70-5a12-7002-a705-315758f75144,DCGM_FI_PROF_PCIE_TX_BYTES,nvidia-dcgm-exporter,nvidia7,gpu-metrics,7,192.241.129.18:9400,nvidia-dcgm-exporter,NVIDIA A100-SXM4-80GB,nvidia-gpu-operator,nvidia-dcgm-exporter-xq25l,openshift-monitoring/k8s,nvidia-dcgm-exporter,146677.0,caikit-runtime,fmaas-tuning,devstage-cais-bcbf7c8fb-pxhmp
2024-05-21 18:50:43.667999983,NVIDIA,6.16,G506.0210.00.03,2.0,1652523002864,92.00.45.00.05,535.104.05,12.535.104.05,fmaas-devstage-backen-9cjgj-worker-a100-il-rdma-3-jx6tm,GPU-bd65bd70-5a12-7002-a705-315758f75144,DCGM_FI_PROF_PCIE_TX_BYTES,nvidia-dcgm-exporter,nvidia7,gpu-metrics,7,192.241.129.18:9400,nvidia-dcgm-exporter,NVIDIA A100-SXM4-80GB,nvidia-gpu-operator,nvidia-dcgm-exporter-xq25l,openshift-monitoring/k8s,nvidia-dcgm-exporter,1052235.0,caikit-runtime,fmaas-tuning,devstage-cais-bcbf7c8fb-pxhmp
2024-05-21 18:51:13.667999983,NVIDIA,6.16,G506.0210.00.03,2.0,1652523002864,92.00.45.00.05,535.104.05,12.535.104.05,fmaas-devstage-backen-9cjgj-worker-a100-il-rdma-3-jx6tm,GPU-bd65bd70-5a12-7002-a705-315758f75144,DCGM_FI_PROF_PCIE_TX_BYTES,nvidia-dcgm-exporter,nvidia7,gpu-metrics,7,192.241.129.18:9400,nvidia-dcgm-exporter,NVIDIA A100-SXM4-80GB,nvidia-gpu-operator,nvidia-dcgm-exporter-xq25l,openshift-monitoring/k8s,nvidia-dcgm-exporter,509876.0,caikit-runtime,fmaas-tuning,devstage-cais-bcbf7c8fb-pxhmp
2024-05-21 18:51:43.667999983,NVIDIA,6.16,G506.0210.00.03,2.0,1652523002864,92.00.45.00.05,535.104.05,12.535.104.05,fmaas-devstage-backen-9cjgj-worker-a100-il-rdma-3-jx6tm,GPU-bd65bd70-5a12-7002-a705-315758f75144,DCGM_FI_PROF_PCIE_TX_BYTES,nvidia-dcgm-exporter,nvidia7,gpu-metrics,7,192.241.129.18:9400,nvidia-dcgm-exporter,NVIDIA A100-SXM4-80GB,nvidia-gpu-operator,nvidia-dcgm-exporter-xq25l,openshift-monitoring/k8s,nvidia-dcgm-exporter,409709.0,caikit-runtime,fmaas-tuning,devstage-cais-bcbf7c8fb-pxhmp
2024-05-21 18:52:13.667999983,NVIDIA,6.16,G506.0210.00.03,2.0,1652523002864,92.00.45.00.05,535.104.05,12.535.104.05,fmaas-devstage-backen-9cjgj-worker-a100-il-rdma-3-jx6tm,GPU-bd65bd70-5a12-7002-a705-315758f75144,DCGM_FI_PROF_PCIE_TX_BYTES,nvidia-dcgm-exporter,nvidia7,gpu-metrics,7,192.241.129.18:9400,nvidia-dcgm-exporter,NVIDIA A100-SXM4-80GB,nvidia-gpu-operator,nvidia-dcgm-exporter-xq25l,openshift-monitoring/k8s,nvidia-dcgm-exporter,152140.0,caikit-runtime,fmaas-tuning,devstage-cais-bcbf7c8fb-pxhmp
2024-05-21 18:52:43.667999983,NVIDIA,6.16,G506.0210.00.03,2.0,1652523002864,92.00.45.00.05,535.104.05,12.535.104.05,fmaas-devstage-backen-9cjgj-worker-a100-il-rdma-3-jx6tm,GPU-bd65bd70-5a12-7002-a705-315758f75144,DCGM_FI_PROF_PCIE_TX_BYTES,nvidia-dcgm-exporter,nvidia7,gpu-metrics,7,192.241.129.18:9400,nvidia-dcgm-exporter,NVIDIA A100-SXM4-80GB,nvidia-gpu-operator,nvidia-dcgm-exporter-xq25l,openshift-monitoring/k8s,nvidia-dcgm-exporter,90590.0,caikit-runtime,fmaas-tuning,devstage-cais-bcbf7c8fb-pxhmp
2024-05-21 18:53:13.667999983,NVIDIA,6.16,G506.0210.00.03,2.0,1652523002864,92.00.45.00.05,535.104.05,12.535.104.05,fmaas-devstage-backen-9cjgj-worker-a100-il-rdma-3-jx6tm,GPU-bd65bd70-5a12-7002-a705-315758f75144,DCGM_FI_PROF_PCIE_TX_BYTES,nvidia-dcgm-exporter,nvidia7,gpu-metrics,7,192.241.129.18:9400,nvidia-dcgm-exporter,NVIDIA A100-SXM4-80GB,nvidia-gpu-operator,nvidia-dcgm-exporter-xq25l,openshift-monitoring/k8s,nvidia-dcgm-exporter,523030.0,caikit-runtime,fmaas-tuning,devstage-cais-bcbf7c8fb-pxhmp
2024-05-21 18:53:43.667999983,NVIDIA,6.16,G506.0210.00.03,2.0,1652523002864,92.00.45.00.05,535.104.05,12.535.104.05,fmaas-devstage-backen-9cjgj-worker-a100-il-rdma-3-jx6tm,GPU-bd65bd70-5a12-7002-a705-315758f75144,DCGM_FI_PROF_PCIE_TX_BYTES,nvidia-dcgm-exporter,nvidia7,gpu-metrics,7,192.241.129.18:9400,nvidia-dcgm-exporter,NVIDIA A100-SXM4-80GB,nvidia-gpu-operator,nvidia-dcgm-exporter-xq25l,openshift-monitoring/k8s,nvidia-dcgm-exporter,173632.0,caikit-runtime,fmaas-tuning,devstage-cais-bcbf7c8fb-pxhmp
2024-05-21 18:54:13.667999983,NVIDIA,6.16,G506.0210.00.03,2.0,1652523002864,92.00.45.00.05,535.104.05,12.535.104.05,fmaas-devstage-backen-9cjgj-worker-a100-il-rdma-3-jx6tm,GPU-bd65bd70-5a12-7002-a705-315758f75144,DCGM_FI_PROF_PCIE_TX_BYTES,nvidia-dcgm-exporter,nvidia7,gpu-metrics,7,192.241.129.18:9400,nvidia-dcgm-exporter,NVIDIA A100-SXM4-80GB,nvidia-gpu-operator,nvidia-dcgm-exporter-xq25l,openshift-monitoring/k8s,nvidia-dcgm-exporter,152640.0,caikit-runtime,fmaas-tuning,devstage-cais-bcbf7c8fb-pxhmp
2024-05-21 18:54:43.667999983,NVIDIA,6.16,G506.0210.00.03,2.0,1652523002864,92.00.45.00.05,535.104.05,12.535.104.05,fmaas-devstage-backen-9cjgj-worker-a100-il-rdma-3-jx6tm,GPU-bd65bd70-5a12-7002-a705-315758f75144,DCGM_FI_PROF_PCIE_TX_BYTES,nvidia-dcgm-exporter,nvidia7,gpu-metrics,7,192.241.129.18:9400,nvidia-dcgm-exporter,NVIDIA A100-SXM4-80GB,nvidia-gpu-operator,nvidia-dcgm-exporter-xq25l,openshift-monitoring/k8s,nvidia-dcgm-exporter,92076.0,caikit-runtime,fmaas-tuning,devstage-cais-bcbf7c8fb-pxhmp
2024-05-21 18:55:13.667999983,NVIDIA,6.16,G506.0210.00.03,2.0,1652523002864,92.00.45.00.05,535.104.05,12.535.104.05,fmaas-devstage-backen-9cjgj-worker-a100-il-rdma-3-jx6tm,GPU-bd65bd70-5a12-7002-a705-315758f75144,DCGM_FI_PROF_PCIE_TX_BYTES,nvidia-dcgm-exporter,nvidia7,gpu-metrics,7,192.241.129.18:9400,nvidia-dcgm-exporter,NVIDIA A100-SXM4-80GB,nvidia-gpu-operator,nvidia-dcgm-exporter-xq25l,openshift-monitoring/k8s,nvidia-dcgm-exporter,754844.0,caikit-runtime,fmaas-tuning,devstage-cais-bcbf7c8fb-pxhmp
2024-05-21 18:55:43.667999983,NVIDIA,6.16,G506.0210.00.03,2.0,1652523002864,92.00.45.00.05,535.104.05,12.535.104.05,fmaas-devstage-backen-9cjgj-worker-a100-il-rdma-3-jx6tm,GPU-bd65bd70-5a12-7002-a705-315758f75144,DCGM_FI_PROF_PCIE_TX_BYTES,nvidia-dcgm-exporter,nvidia7,gpu-metrics,7,192.241.129.18:9400,nvidia-dcgm-exporter,NVIDIA A100-SXM4-80GB,nvidia-gpu-operator,nvidia-dcgm-exporter-xq25l,openshift-monitoring/k8s,nvidia-dcgm-exporter,279560.0,caikit-runtime,fmaas-tuning,devstage-cais-bcbf7c8fb-pxhmp
2024-05-21 18:56:13.667999983,NVIDIA,6.16,G506.0210.00.03,2.0,1652523002864,92.00.45.00.05,535.104.05,12.535.104.05,fmaas-devstage-backen-9cjgj-worker-a100-il-rdma-3-jx6tm,GPU-bd65bd70-5a12-7002-a705-315758f75144,DCGM_FI_PROF_PCIE_TX_BYTES,nvidia-dcgm-exporter,nvidia7,gpu-metrics,7,192.241.129.18:9400,nvidia-dcgm-exporter,NVIDIA A100-SXM4-80GB,nvidia-gpu-operator,nvidia-dcgm-exporter-xq25l,openshift-monitoring/k8s,nvidia-dcgm-exporter,152670.0,caikit-runtime,fmaas-tuning,devstage-cais-bcbf7c8fb-pxhmp
2024-05-21 18:46:30.772000074,NVIDIA,6.16,G506.0210.00.03,2.0,1652523003950,92.00.45.00.05,535.104.05,12.535.104.05,fmaas-devstage-backen-9cjgj-worker-a100-il-rdma-3-jx6tm,GPU-ed198df6-90a8-c0bf-17bb-f1171d39c5dd,DCGM_FI_PROF_PCIE_TX_BYTES,nvidia-dcgm-exporter,nvidia1,gpu-metrics,1,192.241.129.18:9400,nvidia-dcgm-exporter,NVIDIA A100-SXM4-80GB,nvidia-gpu-operator,nvidia-dcgm-exporter-xq25l,openshift-monitoring/k8s,nvidia-dcgm-exporter,81411.0,,,
2024-05-21 18:46:43.667999983,NVIDIA,6.16,G506.0210.00.03,2.0,1652523003950,92.00.45.00.05,535.104.05,12.535.104.05,fmaas-devstage-backen-9cjgj-worker-a100-il-rdma-3-jx6tm,GPU-ed198df6-90a8-c0bf-17bb-f1171d39c5dd,DCGM_FI_PROF_PCIE_TX_BYTES,nvidia-dcgm-exporter,nvidia1,gpu-metrics,1,192.241.129.18:9400,nvidia-dcgm-exporter,NVIDIA A100-SXM4-80GB,nvidia-gpu-operator,nvidia-dcgm-exporter-xq25l,openshift-monitoring/k8s,nvidia-dcgm-exporter,670984.0,,,
2024-05-21 18:47:13.667999983,NVIDIA,6.16,G506.0210.00.03,2.0,1652523003950,92.00.45.00.05,535.104.05,12.535.104.05,fmaas-devstage-backen-9cjgj-worker-a100-il-rdma-3-jx6tm,GPU-ed198df6-90a8-c0bf-17bb-f1171d39c5dd,DCGM_FI_PROF_PCIE_TX_BYTES,nvidia-dcgm-exporter,nvidia1,gpu-metrics,1,192.241.129.18:9400,nvidia-dcgm-exporter,NVIDIA A100-SXM4-80GB,nvidia-gpu-operator,nvidia-dcgm-exporter-xq25l,openshift-monitoring/k8s,nvidia-dcgm-exporter,325387.0,,,
2024-05-21 18:47:43.667999983,NVIDIA,6.16,G506.0210.00.03,2.0,1652523003950,92.00.45.00.05,535.104.05,12.535.104.05,fmaas-devstage-backen-9cjgj-worker-a100-il-rdma-3-jx6tm,GPU-ed198df6-90a8-c0bf-17bb-f1171d39c5dd,DCGM_FI_PROF_PCIE_TX_BYTES,nvidia-dcgm-exporter,nvidia1,gpu-metrics,1,192.241.129.18:9400,nvidia-dcgm-exporter,NVIDIA A100-SXM4-80GB,nvidia-gpu-operator,nvidia-dcgm-exporter-xq25l,openshift-monitoring/k8s,nvidia-dcgm-exporter,214176.0,,,
2024-05-21 18:48:13.667999983,NVIDIA,6.16,G506.0210.00.03,2.0,1652523003950,92.00.45.00.05,535.104.05,12.535.104.05,fmaas-devstage-backen-9cjgj-worker-a100-il-rdma-3-jx6tm,GPU-ed198df6-90a8-c0bf-17bb-f1171d39c5dd,DCGM_FI_PROF_PCIE_TX_BYTES,nvidia-dcgm-exporter,nvidia1,gpu-metrics,1,192.241.129.18:9400,nvidia-dcgm-exporter,NVIDIA A100-SXM4-80GB,nvidia-gpu-operator,nvidia-dcgm-exporter-xq25l,openshift-monitoring/k8s,nvidia-dcgm-exporter,120611.0,,,
2024-05-21 18:48:43.667999983,NVIDIA,6.16,G506.0210.00.03,2.0,1652523003950,92.00.45.00.05,535.104.05,12.535.104.05,fmaas-devstage-backen-9cjgj-worker-a100-il-rdma-3-jx6tm,GPU-ed198df6-90a8-c0bf-17bb-f1171d39c5dd,DCGM_FI_PROF_PCIE_TX_BYTES,nvidia-dcgm-exporter,nvidia1,gpu-metrics,1,192.241.129.18:9400,nvidia-dcgm-exporter,NVIDIA A100-SXM4-80GB,nvidia-gpu-operator,nvidia-dcgm-exporter-xq25l,openshift-monitoring/k8s,nvidia-dcgm-exporter,51106.0,,,
2024-05-21 18:49:13.667999983,NVIDIA,6.16,G506.0210.00.03,2.0,1652523003950,92.00.45.00.05,535.104.05,12.535.104.05,fmaas-devstage-backen-9cjgj-worker-a100-il-rdma-3-jx6tm,GPU-ed198df6-90a8-c0bf-17bb-f1171d39c5dd,DCGM_FI_PROF_PCIE_TX_BYTES,nvidia-dcgm-exporter,nvidia1,gpu-metrics,1,192.241.129.18:9400,nvidia-dcgm-exporter,NVIDIA A100-SXM4-80GB,nvidia-gpu-operator,nvidia-dcgm-exporter-xq25l,openshift-monitoring/k8s,nvidia-dcgm-exporter,192292.0,,,
2024-05-21 18:49:43.667999983,NVIDIA,6.16,G506.0210.00.03,2.0,1652523003950,92.00.45.00.05,535.104.05,12.535.104.05,fmaas-devstage-backen-9cjgj-worker-a100-il-rdma-3-jx6tm,GPU-ed198df6-90a8-c0bf-17bb-f1171d39c5dd,DCGM_FI_PROF_PCIE_TX_BYTES,nvidia-dcgm-exporter,nvidia1,gpu-metrics,1,192.241.129.18:9400,nvidia-dcgm-exporter,NVIDIA A100-SXM4-80GB,nvidia-gpu-operator,nvidia-dcgm-exporter-xq25l,openshift-monitoring/k8s,nvidia-dcgm-exporter,1483210.0,,,
2024-05-21 18:50:13.667999983,NVIDIA,6.16,G506.0210.00.03,2.0,1652523003950,92.00.45.00.05,535.104.05,12.535.104.05,fmaas-devstage-backen-9cjgj-worker-a100-il-rdma-3-jx6tm,GPU-ed198df6-90a8-c0bf-17bb-f1171d39c5dd,DCGM_FI_PROF_PCIE_TX_BYTES,nvidia-dcgm-exporter,nvidia1,gpu-metrics,1,192.241.129.18:9400,nvidia-dcgm-exporter,NVIDIA A100-SXM4-80GB,nvidia-gpu-operator,nvidia-dcgm-exporter-xq25l,openshift-monitoring/k8s,nvidia-dcgm-exporter,117248.0,,,
2024-05-21 18:50:43.667999983,NVIDIA,6.16,G506.0210.00.03,2.0,1652523003950,92.00.45.00.05,535.104.05,12.535.104.05,fmaas-devstage-backen-9cjgj-worker-a100-il-rdma-3-jx6tm,GPU-ed198df6-90a8-c0bf-17bb-f1171d39c5dd,DCGM_FI_PROF_PCIE_TX_BYTES,nvidia-dcgm-exporter,nvidia1,gpu-metrics,1,192.241.129.18:9400,nvidia-dcgm-exporter,NVIDIA A100-SXM4-80GB,nvidia-gpu-operator,nvidia-dcgm-exporter-xq25l,openshift-monitoring/k8s,nvidia-dcgm-exporter,682144.0,,,
2024-05-21 18:51:13.667999983,NVIDIA,6.16,G506.0210.00.03,2.0,1652523003950,92.00.45.00.05,535.104.05,12.535.104.05,fmaas-devstage-backen-9cjgj-worker-a100-il-rdma-3-jx6tm,GPU-ed198df6-90a8-c0bf-17bb-f1171d39c5dd,DCGM_FI_PROF_PCIE_TX_BYTES,nvidia-dcgm-exporter,nvidia1,gpu-metrics,1,192.241.129.18:9400,nvidia-dcgm-exporter,NVIDIA A100-SXM4-80GB,nvidia-gpu-operator,nvidia-dcgm-exporter-xq25l,openshift-monitoring/k8s,nvidia-dcgm-exporter,58536.0,,,
2024-05-21 18:51:43.667999983,NVIDIA,6.16,G506.0210.00.03,2.0,1652523003950,92.00.45.00.05,535.104.05,12.535.104.05,fmaas-devstage-backen-9cjgj-worker-a100-il-rdma-3-jx6tm,GPU-ed198df6-90a8-c0bf-17bb-f1171d39c5dd,DCGM_FI_PROF_PCIE_TX_BYTES,nvidia-dcgm-exporter,nvidia1,gpu-metrics,1,192.241.129.18:9400,nvidia-dcgm-exporter,NVIDIA A100-SXM4-80GB,nvidia-gpu-operator,nvidia-dcgm-exporter-xq25l,openshift-monitoring/k8s,nvidia-dcgm-exporter,45701.0,,,
2024-05-21 18:52:13.667999983,NVIDIA,6.16,G506.0210.00.03,2.0,1652523003950,92.00.45.00.05,535.104.05,12.535.104.05,fmaas-devstage-backen-9cjgj-worker-a100-il-rdma-3-jx6tm,GPU-ed198df6-90a8-c0bf-17bb-f1171d39c5dd,DCGM_FI_PROF_PCIE_TX_BYTES,nvidia-dcgm-exporter,nvidia1,gpu-metrics,1,192.241.129.18:9400,nvidia-dcgm-exporter,NVIDIA A100-SXM4-80GB,nvidia-gpu-operator,nvidia-dcgm-exporter-xq25l,openshift-monitoring/k8s,nvidia-dcgm-exporter,53731.0,,,
2024-05-21 18:52:43.667999983,NVIDIA,6.16,G506.0210.00.03,2.0,1652523003950,92.00.45.00.05,535.104.05,12.535.104.05,fmaas-devstage-backen-9cjgj-worker-a100-il-rdma-3-jx6tm,GPU-ed198df6-90a8-c0bf-17bb-f1171d39c5dd,DCGM_FI_PROF_PCIE_TX_BYTES,nvidia-dcgm-exporter,nvidia1,gpu-metrics,1,192.241.129.18:9400,nvidia-dcgm-exporter,NVIDIA A100-SXM4-80GB,nvidia-gpu-operator,nvidia-dcgm-exporter-xq25l,openshift-monitoring/k8s,nvidia-dcgm-exporter,615423.0,,,
2024-05-21 18:53:13.667999983,NVIDIA,6.16,G506.0210.00.03,2.0,1652523003950,92.00.45.00.05,535.104.05,12.535.104.05,fmaas-devstage-backen-9cjgj-worker-a100-il-rdma-3-jx6tm,GPU-ed198df6-90a8-c0bf-17bb-f1171d39c5dd,DCGM_FI_PROF_PCIE_TX_BYTES,nvidia-dcgm-exporter,nvidia1,gpu-metrics,1,192.241.129.18:9400,nvidia-dcgm-exporter,NVIDIA A100-SXM4-80GB,nvidia-gpu-operator,nvidia-dcgm-exporter-xq25l,openshift-monitoring/k8s,nvidia-dcgm-exporter,306035.0,,,
2024-05-21 18:53:43.667999983,NVIDIA,6.16,G506.0210.00.03,2.0,1652523003950,92.00.45.00.05,535.104.05,12.535.104.05,fmaas-devstage-backen-9cjgj-worker-a100-il-rdma-3-jx6tm,GPU-ed198df6-90a8-c0bf-17bb-f1171d39c5dd,DCGM_FI_PROF_PCIE_TX_BYTES,nvidia-dcgm-exporter,nvidia1,gpu-metrics,1,192.241.129.18:9400,nvidia-dcgm-exporter,NVIDIA A100-SXM4-80GB,nvidia-gpu-operator,nvidia-dcgm-exporter-xq25l,openshift-monitoring/k8s,nvidia-dcgm-exporter,129638.0,,,
2024-05-21 18:54:13.667999983,NVIDIA,6.16,G506.0210.00.03,2.0,1652523003950,92.00.45.00.05,535.104.05,12.535.104.05,fmaas-devstage-backen-9cjgj-worker-a100-il-rdma-3-jx6tm,GPU-ed198df6-90a8-c0bf-17bb-f1171d39c5dd,DCGM_FI_PROF_PCIE_TX_BYTES,nvidia-dcgm-exporter,nvidia1,gpu-metrics,1,192.241.129.18:9400,nvidia-dcgm-exporter,NVIDIA A100-SXM4-80GB,nvidia-gpu-operator,nvidia-dcgm-exporter-xq25l,openshift-monitoring/k8s,nvidia-dcgm-exporter,159593.0,,,
2024-05-21 18:54:43.667999983,NVIDIA,6.16,G506.0210.00.03,2.0,1652523003950,92.00.45.00.05,535.104.05,12.535.104.05,fmaas-devstage-backen-9cjgj-worker-a100-il-rdma-3-jx6tm,GPU-ed198df6-90a8-c0bf-17bb-f1171d39c5dd,DCGM_FI_PROF_PCIE_TX_BYTES,nvidia-dcgm-exporter,nvidia1,gpu-metrics,1,192.241.129.18:9400,nvidia-dcgm-exporter,NVIDIA A100-SXM4-80GB,nvidia-gpu-operator,nvidia-dcgm-exporter-xq25l,openshift-monitoring/k8s,nvidia-dcgm-exporter,103623.0,,,
2024-05-21 18:55:13.667999983,NVIDIA,6.16,G506.0210.00.03,2.0,1652523003950,92.00.45.00.05,535.104.05,12.535.104.05,fmaas-devstage-backen-9cjgj-worker-a100-il-rdma-3-jx6tm,GPU-ed198df6-90a8-c0bf-17bb-f1171d39c5dd,DCGM_FI_PROF_PCIE_TX_BYTES,nvidia-dcgm-exporter,nvidia1,gpu-metrics,1,192.241.129.18:9400,nvidia-dcgm-exporter,NVIDIA A100-SXM4-80GB,nvidia-gpu-operator,nvidia-dcgm-exporter-xq25l,openshift-monitoring/k8s,nvidia-dcgm-exporter,338977.0,,,
2024-05-21 18:55:43.667999983,NVIDIA,6.16,G506.0210.00.03,2.0,1652523003950,92.00.45.00.05,535.104.05,12.535.104.05,fmaas-devstage-backen-9cjgj-worker-a100-il-rdma-3-jx6tm,GPU-ed198df6-90a8-c0bf-17bb-f1171d39c5dd,DCGM_FI_PROF_PCIE_TX_BYTES,nvidia-dcgm-exporter,nvidia1,gpu-metrics,1,192.241.129.18:9400,nvidia-dcgm-exporter,NVIDIA A100-SXM4-80GB,nvidia-gpu-operator,nvidia-dcgm-exporter-xq25l,openshift-monitoring/k8s,nvidia-dcgm-exporter,168324.0,,,
2024-05-21 18:56:13.667999983,NVIDIA,6.16,G506.0210.00.03,2.0,1652523003950,92.00.45.00.05,535.104.05,12.535.104.05,fmaas-devstage-backen-9cjgj-worker-a100-il-rdma-3-jx6tm,GPU-ed198df6-90a8-c0bf-17bb-f1171d39c5dd,DCGM_FI_PROF_PCIE_TX_BYTES,nvidia-dcgm-exporter,nvidia1,gpu-metrics,1,192.241.129.18:9400,nvidia-dcgm-exporter,NVIDIA A100-SXM4-80GB,nvidia-gpu-operator,nvidia-dcgm-exporter-xq25l,openshift-monitoring/k8s,nvidia-dcgm-exporter,97811.0,,,
2024-05-21 18:46:30.772000074,NVIDIA,6.16,G506.0210.00.03,2.0,1652523003996,92.00.45.00.05,535.104.05,12.535.104.05,fmaas-devstage-backen-9cjgj-worker-a100-il-rdma-3-jx6tm,GPU-f94e20f3-b883-1dc9-1c93-9769594edc6a,DCGM_FI_PROF_PCIE_TX_BYTES,nvidia-dcgm-exporter,nvidia2,gpu-metrics,2,192.241.129.18:9400,nvidia-dcgm-exporter,NVIDIA A100-SXM4-80GB,nvidia-gpu-operator,nvidia-dcgm-exporter-xq25l,openshift-monitoring/k8s,nvidia-dcgm-exporter,6556441.0,base,fmaas-monitoring,llama3
2024-05-21 18:46:43.667999983,NVIDIA,6.16,G506.0210.00.03,2.0,1652523003996,92.00.45.00.05,535.104.05,12.535.104.05,fmaas-devstage-backen-9cjgj-worker-a100-il-rdma-3-jx6tm,GPU-f94e20f3-b883-1dc9-1c93-9769594edc6a,DCGM_FI_PROF_PCIE_TX_BYTES,nvidia-dcgm-exporter,nvidia2,gpu-metrics,2,192.241.129.18:9400,nvidia-dcgm-exporter,NVIDIA A100-SXM4-80GB,nvidia-gpu-operator,nvidia-dcgm-exporter-xq25l,openshift-monitoring/k8s,nvidia-dcgm-exporter,7972612.0,base,fmaas-monitoring,llama3
2024-05-21 18:47:13.667999983,NVIDIA,6.16,G506.0210.00.03,2.0,1652523003996,92.00.45.00.05,535.104.05,12.535.104.05,fmaas-devstage-backen-9cjgj-worker-a100-il-rdma-3-jx6tm,GPU-f94e20f3-b883-1dc9-1c93-9769594edc6a,DCGM_FI_PROF_PCIE_TX_BYTES,nvidia-dcgm-exporter,nvidia2,gpu-metrics,2,192.241.129.18:9400,nvidia-dcgm-exporter,NVIDIA A100-SXM4-80GB,nvidia-gpu-operator,nvidia-dcgm-exporter-xq25l,openshift-monitoring/k8s,nvidia-dcgm-exporter,7092157.0,base,fmaas-monitoring,llama3
2024-05-21 18:47:43.667999983,NVIDIA,6.16,G506.0210.00.03,2.0,1652523003996,92.00.45.00.05,535.104.05,12.535.104.05,fmaas-devstage-backen-9cjgj-worker-a100-il-rdma-3-jx6tm,GPU-f94e20f3-b883-1dc9-1c93-9769594edc6a,DCGM_FI_PROF_PCIE_TX_BYTES,nvidia-dcgm-exporter,nvidia2,gpu-metrics,2,192.241.129.18:9400,nvidia-dcgm-exporter,NVIDIA A100-SXM4-80GB,nvidia-gpu-operator,nvidia-dcgm-exporter-xq25l,openshift-monitoring/k8s,nvidia-dcgm-exporter,7021802.0,base,fmaas-monitoring,llama3
2024-05-21 18:48:13.667999983,NVIDIA,6.16,G506.0210.00.03,2.0,1652523003996,92.00.45.00.05,535.104.05,12.535.104.05,fmaas-devstage-backen-9cjgj-worker-a100-il-rdma-3-jx6tm,GPU-f94e20f3-b883-1dc9-1c93-9769594edc6a,DCGM_FI_PROF_PCIE_TX_BYTES,nvidia-dcgm-exporter,nvidia2,gpu-metrics,2,192.241.129.18:9400,nvidia-dcgm-exporter,NVIDIA A100-SXM4-80GB,nvidia-gpu-operator,nvidia-dcgm-exporter-xq25l,openshift-monitoring/k8s,nvidia-dcgm-exporter,6883168.0,base,fmaas-monitoring,llama3
2024-05-21 18:48:43.667999983,NVIDIA,6.16,G506.0210.00.03,2.0,1652523003996,92.00.45.00.05,535.104.05,12.535.104.05,fmaas-devstage-backen-9cjgj-worker-a100-il-rdma-3-jx6tm,GPU-f94e20f3-b883-1dc9-1c93-9769594edc6a,DCGM_FI_PROF_PCIE_TX_BYTES,nvidia-dcgm-exporter,nvidia2,gpu-metrics,2,192.241.129.18:9400,nvidia-dcgm-exporter,NVIDIA A100-SXM4-80GB,nvidia-gpu-operator,nvidia-dcgm-exporter-xq25l,openshift-monitoring/k8s,nvidia-dcgm-exporter,7249844.0,base,fmaas-monitoring,llama3
2024-05-21 18:49:13.667999983,NVIDIA,6.16,G506.0210.00.03,2.0,1652523003996,92.00.45.00.05,535.104.05,12.535.104.05,fmaas-devstage-backen-9cjgj-worker-a100-il-rdma-3-jx6tm,GPU-f94e20f3-b883-1dc9-1c93-9769594edc6a,DCGM_FI_PROF_PCIE_TX_BYTES,nvidia-dcgm-exporter,nvidia2,gpu-metrics,2,192.241.129.18:9400,nvidia-dcgm-exporter,NVIDIA A100-SXM4-80GB,nvidia-gpu-operator,nvidia-dcgm-exporter-xq25l,openshift-monitoring/k8s,nvidia-dcgm-exporter,6773326.0,base,fmaas-monitoring,llama3
2024-05-21 18:49:43.667999983,NVIDIA,6.16,G506.0210.00.03,2.0,1652523003996,92.00.45.00.05,535.104.05,12.535.104.05,fmaas-devstage-backen-9cjgj-worker-a100-il-rdma-3-jx6tm,GPU-f94e20f3-b883-1dc9-1c93-9769594edc6a,DCGM_FI_PROF_PCIE_TX_BYTES,nvidia-dcgm-exporter,nvidia2,gpu-metrics,2,192.241.129.18:9400,nvidia-dcgm-exporter,NVIDIA A100-SXM4-80GB,nvidia-gpu-operator,nvidia-dcgm-exporter-xq25l,openshift-monitoring/k8s,nvidia-dcgm-exporter,6420078.0,base,fmaas-monitoring,llama3
2024-05-21 18:50:13.667999983,NVIDIA,6.16,G506.0210.00.03,2.0,1652523003996,92.00.45.00.05,535.104.05,12.535.104.05,fmaas-devstage-backen-9cjgj-worker-a100-il-rdma-3-jx6tm,GPU-f94e20f3-b883-1dc9-1c93-9769594edc6a,DCGM_FI_PROF_PCIE_TX_BYTES,nvidia-dcgm-exporter,nvidia2,gpu-metrics,2,192.241.129.18:9400,nvidia-dcgm-exporter,NVIDIA A100-SXM4-80GB,nvidia-gpu-operator,nvidia-dcgm-exporter-xq25l,openshift-monitoring/k8s,nvidia-dcgm-exporter,7069862.0,base,fmaas-monitoring,llama3
2024-05-21 18:50:43.667999983,NVIDIA,6.16,G506.0210.00.03,2.0,1652523003996,92.00.45.00.05,535.104.05,12.535.104.05,fmaas-devstage-backen-9cjgj-worker-a100-il-rdma-3-jx6tm,GPU-f94e20f3-b883-1dc9-1c93-9769594edc6a,DCGM_FI_PROF_PCIE_TX_BYTES,nvidia-dcgm-exporter,nvidia2,gpu-metrics,2,192.241.129.18:9400,nvidia-dcgm-exporter,NVIDIA A100-SXM4-80GB,nvidia-gpu-operator,nvidia-dcgm-exporter-xq25l,openshift-monitoring/k8s,nvidia-dcgm-exporter,8930127.0,base,fmaas-monitoring,llama3
2024-05-21 18:51:13.667999983,NVIDIA,6.16,G506.0210.00.03,2.0,1652523003996,92.00.45.00.05,535.104.05,12.535.104.05,fmaas-devstage-backen-9cjgj-worker-a100-il-rdma-3-jx6tm,GPU-f94e20f3-b883-1dc9-1c93-9769594edc6a,DCGM_FI_PROF_PCIE_TX_BYTES,nvidia-dcgm-exporter,nvidia2,gpu-metrics,2,192.241.129.18:9400,nvidia-dcgm-exporter,NVIDIA A100-SXM4-80GB,nvidia-gpu-operator,nvidia-dcgm-exporter-xq25l,openshift-monitoring/k8s,nvidia-dcgm-exporter,7542540.0,base,fmaas-monitoring,llama3
2024-05-21 18:51:43.667999983,NVIDIA,6.16,G506.0210.00.03,2.0,1652523003996,92.00.45.00.05,535.104.05,12.535.104.05,fmaas-devstage-backen-9cjgj-worker-a100-il-rdma-3-jx6tm,GPU-f94e20f3-b883-1dc9-1c93-9769594edc6a,DCGM_FI_PROF_PCIE_TX_BYTES,nvidia-dcgm-exporter,nvidia2,gpu-metrics,2,192.241.129.18:9400,nvidia-dcgm-exporter,NVIDIA A100-SXM4-80GB,nvidia-gpu-operator,nvidia-dcgm-exporter-xq25l,openshift-monitoring/k8s,nvidia-dcgm-exporter,5487583.0,base,fmaas-monitoring,llama3
2024-05-21 18:52:13.667999983,NVIDIA,6.16,G506.0210.00.03,2.0,1652523003996,92.00.45.00.05,535.104.05,12.535.104.05,fmaas-devstage-backen-9cjgj-worker-a100-il-rdma-3-jx6tm,GPU-f94e20f3-b883-1dc9-1c93-9769594edc6a,DCGM_FI_PROF_PCIE_TX_BYTES,nvidia-dcgm-exporter,nvidia2,gpu-metrics,2,192.241.129.18:9400,nvidia-dcgm-exporter,NVIDIA A100-SXM4-80GB,nvidia-gpu-operator,nvidia-dcgm-exporter-xq25l,openshift-monitoring/k8s,nvidia-dcgm-exporter,6907050.0,base,fmaas-monitoring,llama3
2024-05-21 18:52:43.667999983,NVIDIA,6.16,G506.0210.00.03,2.0,1652523003996,92.00.45.00.05,535.104.05,12.535.104.05,fmaas-devstage-backen-9cjgj-worker-a100-il-rdma-3-jx6tm,GPU-f94e20f3-b883-1dc9-1c93-9769594edc6a,DCGM_FI_PROF_PCIE_TX_BYTES,nvidia-dcgm-exporter,nvidia2,gpu-metrics,2,192.241.129.18:9400,nvidia-dcgm-exporter,NVIDIA A100-SXM4-80GB,nvidia-gpu-operator,nvidia-dcgm-exporter-xq25l,openshift-monitoring/k8s,nvidia-dcgm-exporter,5625762.0,base,fmaas-monitoring,llama3
2024-05-21 18:53:13.667999983,NVIDIA,6.16,G506.0210.00.03,2.0,1652523003996,92.00.45.00.05,535.104.05,12.535.104.05,fmaas-devstage-backen-9cjgj-worker-a100-il-rdma-3-jx6tm,GPU-f94e20f3-b883-1dc9-1c93-9769594edc6a,DCGM_FI_PROF_PCIE_TX_BYTES,nvidia-dcgm-exporter,nvidia2,gpu-metrics,2,192.241.129.18:9400,nvidia-dcgm-exporter,NVIDIA A100-SXM4-80GB,nvidia-gpu-operator,nvidia-dcgm-exporter-xq25l,openshift-monitoring/k8s,nvidia-dcgm-exporter,7188535.0,base,fmaas-monitoring,llama3
2024-05-21 18:53:43.667999983,NVIDIA,6.16,G506.0210.00.03,2.0,1652523003996,92.00.45.00.05,535.104.05,12.535.104.05,fmaas-devstage-backen-9cjgj-worker-a100-il-rdma-3-jx6tm,GPU-f94e20f3-b883-1dc9-1c93-9769594edc6a,DCGM_FI_PROF_PCIE_TX_BYTES,nvidia-dcgm-exporter,nvidia2,gpu-metrics,2,192.241.129.18:9400,nvidia-dcgm-exporter,NVIDIA A100-SXM4-80GB,nvidia-gpu-operator,nvidia-dcgm-exporter-xq25l,openshift-monitoring/k8s,nvidia-dcgm-exporter,6830977.0,base,fmaas-monitoring,llama3
2024-05-21 18:54:13.667999983,NVIDIA,6.16,G506.0210.00.03,2.0,1652523003996,92.00.45.00.05,535.104.05,12.535.104.05,fmaas-devstage-backen-9cjgj-worker-a100-il-rdma-3-jx6tm,GPU-f94e20f3-b883-1dc9-1c93-9769594edc6a,DCGM_FI_PROF_PCIE_TX_BYTES,nvidia-dcgm-exporter,nvidia2,gpu-metrics,2,192.241.129.18:9400,nvidia-dcgm-exporter,NVIDIA A100-SXM4-80GB,nvidia-gpu-operator,nvidia-dcgm-exporter-xq25l,openshift-monitoring/k8s,nvidia-dcgm-exporter,6865239.0,base,fmaas-monitoring,llama3
2024-05-21 18:54:43.667999983,NVIDIA,6.16,G506.0210.00.03,2.0,1652523003996,92.00.45.00.05,535.104.05,12.535.104.05,fmaas-devstage-backen-9cjgj-worker-a100-il-rdma-3-jx6tm,GPU-f94e20f3-b883-1dc9-1c93-9769594edc6a,DCGM_FI_PROF_PCIE_TX_BYTES,nvidia-dcgm-exporter,nvidia2,gpu-metrics,2,192.241.129.18:9400,nvidia-dcgm-exporter,NVIDIA A100-SXM4-80GB,nvidia-gpu-operator,nvidia-dcgm-exporter-xq25l,openshift-monitoring/k8s,nvidia-dcgm-exporter,6922189.0,base,fmaas-monitoring,llama3
2024-05-21 18:55:13.667999983,NVIDIA,6.16,G506.0210.00.03,2.0,1652523003996,92.00.45.00.05,535.104.05,12.535.104.05,fmaas-devstage-backen-9cjgj-worker-a100-il-rdma-3-jx6tm,GPU-f94e20f3-b883-1dc9-1c93-9769594edc6a,DCGM_FI_PROF_PCIE_TX_BYTES,nvidia-dcgm-exporter,nvidia2,gpu-metrics,2,192.241.129.18:9400,nvidia-dcgm-exporter,NVIDIA A100-SXM4-80GB,nvidia-gpu-operator,nvidia-dcgm-exporter-xq25l,openshift-monitoring/k8s,nvidia-dcgm-exporter,7026055.0,base,fmaas-monitoring,llama3
2024-05-21 18:55:43.667999983,NVIDIA,6.16,G506.0210.00.03,2.0,1652523003996,92.00.45.00.05,535.104.05,12.535.104.05,fmaas-devstage-backen-9cjgj-worker-a100-il-rdma-3-jx6tm,GPU-f94e20f3-b883-1dc9-1c93-9769594edc6a,DCGM_FI_PROF_PCIE_TX_BYTES,nvidia-dcgm-exporter,nvidia2,gpu-metrics,2,192.241.129.18:9400,nvidia-dcgm-exporter,NVIDIA A100-SXM4-80GB,nvidia-gpu-operator,nvidia-dcgm-exporter-xq25l,openshift-monitoring/k8s,nvidia-dcgm-exporter,6874742.0,base,fmaas-monitoring,llama3
2024-05-21 18:56:13.667999983,NVIDIA,6.16,G506.0210.00.03,2.0,1652523003996,92.00.45.00.05,535.104.05,12.535.104.05,fmaas-devstage-backen-9cjgj-worker-a100-il-rdma-3-jx6tm,GPU-f94e20f3-b883-1dc9-1c93-9769594edc6a,DCGM_FI_PROF_PCIE_TX_BYTES,nvidia-dcgm-exporter,nvidia2,gpu-metrics,2,192.241.129.18:9400,nvidia-dcgm-exporter,NVIDIA A100-SXM4-80GB,nvidia-gpu-operator,nvidia-dcgm-exporter-xq25l,openshift-monitoring/k8s,nvidia-dcgm-exporter,7255534.0,base,fmaas-monitoring,llama3
2024-05-21 18:46:30.772000074,NVIDIA,6.16,G506.0210.00.03,2.0,1652523004560,92.00.45.00.05,535.104.05,12.535.104.05,fmaas-devstage-backen-9cjgj-worker-a100-il-rdma-3-jx6tm,GPU-fae4890e-cca3-f53f-3743-ba11e6e50022,DCGM_FI_PROF_PCIE_TX_BYTES,nvidia-dcgm-exporter,nvidia3,gpu-metrics,3,192.241.129.18:9400,nvidia-dcgm-exporter,NVIDIA A100-SXM4-80GB,nvidia-gpu-operator,nvidia-dcgm-exporter-xq25l,openshift-monitoring/k8s,nvidia-dcgm-exporter,133764.0,caikit-runtime,fmaas-tuning,devstage-cais-6957b8dfd7-pspvr
2024-05-21 18:46:43.667999983,NVIDIA,6.16,G506.0210.00.03,2.0,1652523004560,92.00.45.00.05,535.104.05,12.535.104.05,fmaas-devstage-backen-9cjgj-worker-a100-il-rdma-3-jx6tm,GPU-fae4890e-cca3-f53f-3743-ba11e6e50022,DCGM_FI_PROF_PCIE_TX_BYTES,nvidia-dcgm-exporter,nvidia3,gpu-metrics,3,192.241.129.18:9400,nvidia-dcgm-exporter,NVIDIA A100-SXM4-80GB,nvidia-gpu-operator,nvidia-dcgm-exporter-xq25l,openshift-monitoring/k8s,nvidia-dcgm-exporter,501622.0,caikit-runtime,fmaas-tuning,devstage-cais-6957b8dfd7-pspvr
2024-05-21 18:47:13.667999983,NVIDIA,6.16,G506.0210.00.03,2.0,1652523004560,92.00.45.00.05,535.104.05,12.535.104.05,fmaas-devstage-backen-9cjgj-worker-a100-il-rdma-3-jx6tm,GPU-fae4890e-cca3-f53f-3743-ba11e6e50022,DCGM_FI_PROF_PCIE_TX_BYTES,nvidia-dcgm-exporter,nvidia3,gpu-metrics,3,192.241.129.18:9400,nvidia-dcgm-exporter,NVIDIA A100-SXM4-80GB,nvidia-gpu-operator,nvidia-dcgm-exporter-xq25l,openshift-monitoring/k8s,nvidia-dcgm-exporter,256073.0,caikit-runtime,fmaas-tuning,devstage-cais-6957b8dfd7-pspvr
2024-05-21 18:47:43.667999983,NVIDIA,6.16,G506.0210.00.03,2.0,1652523004560,92.00.45.00.05,535.104.05,12.535.104.05,fmaas-devstage-backen-9cjgj-worker-a100-il-rdma-3-jx6tm,GPU-fae4890e-cca3-f53f-3743-ba11e6e50022,DCGM_FI_PROF_PCIE_TX_BYTES,nvidia-dcgm-exporter,nvidia3,gpu-metrics,3,192.241.129.18:9400,nvidia-dcgm-exporter,NVIDIA A100-SXM4-80GB,nvidia-gpu-operator,nvidia-dcgm-exporter-xq25l,openshift-monitoring/k8s,nvidia-dcgm-exporter,327012.0,caikit-runtime,fmaas-tuning,devstage-cais-6957b8dfd7-pspvr
2024-05-21 18:48:13.667999983,NVIDIA,6.16,G506.0210.00.03,2.0,1652523004560,92.00.45.00.05,535.104.05,12.535.104.05,fmaas-devstage-backen-9cjgj-worker-a100-il-rdma-3-jx6tm,GPU-fae4890e-cca3-f53f-3743-ba11e6e50022,DCGM_FI_PROF_PCIE_TX_BYTES,nvidia-dcgm-exporter,nvidia3,gpu-metrics,3,192.241.129.18:9400,nvidia-dcgm-exporter,NVIDIA A100-SXM4-80GB,nvidia-gpu-operator,nvidia-dcgm-exporter-xq25l,openshift-monitoring/k8s,nvidia-dcgm-exporter,190957.0,caikit-runtime,fmaas-tuning,devstage-cais-6957b8dfd7-pspvr
2024-05-21 18:48:43.667999983,NVIDIA,6.16,G506.0210.00.03,2.0,1652523004560,92.00.45.00.05,535.104.05,12.535.104.05,fmaas-devstage-backen-9cjgj-worker-a100-il-rdma-3-jx6tm,GPU-fae4890e-cca3-f53f-3743-ba11e6e50022,DCGM_FI_PROF_PCIE_TX_BYTES,nvidia-dcgm-exporter,nvidia3,gpu-metrics,3,192.241.129.18:9400,nvidia-dcgm-exporter,NVIDIA A100-SXM4-80GB,nvidia-gpu-operator,nvidia-dcgm-exporter-xq25l,openshift-monitoring/k8s,nvidia-dcgm-exporter,351431.0,caikit-runtime,fmaas-tuning,devstage-cais-6957b8dfd7-pspvr
2024-05-21 18:49:13.667999983,NVIDIA,6.16,G506.0210.00.03,2.0,1652523004560,92.00.45.00.05,535.104.05,12.535.104.05,fmaas-devstage-backen-9cjgj-worker-a100-il-rdma-3-jx6tm,GPU-fae4890e-cca3-f53f-3743-ba11e6e50022,DCGM_FI_PROF_PCIE_TX_BYTES,nvidia-dcgm-exporter,nvidia3,gpu-metrics,3,192.241.129.18:9400,nvidia-dcgm-exporter,NVIDIA A100-SXM4-80GB,nvidia-gpu-operator,nvidia-dcgm-exporter-xq25l,openshift-monitoring/k8s,nvidia-dcgm-exporter,243747.0,caikit-runtime,fmaas-tuning,devstage-cais-6957b8dfd7-pspvr
2024-05-21 18:49:43.667999983,NVIDIA,6.16,G506.0210.00.03,2.0,1652523004560,92.00.45.00.05,535.104.05,12.535.104.05,fmaas-devstage-backen-9cjgj-worker-a100-il-rdma-3-jx6tm,GPU-fae4890e-cca3-f53f-3743-ba11e6e50022,DCGM_FI_PROF_PCIE_TX_BYTES,nvidia-dcgm-exporter,nvidia3,gpu-metrics,3,192.241.129.18:9400,nvidia-dcgm-exporter,NVIDIA A100-SXM4-80GB,nvidia-gpu-operator,nvidia-dcgm-exporter-xq25l,openshift-monitoring/k8s,nvidia-dcgm-exporter,1110916.0,caikit-runtime,fmaas-tuning,devstage-cais-6957b8dfd7-pspvr
2024-05-21 18:50:13.667999983,NVIDIA,6.16,G506.0210.00.03,2.0,1652523004560,92.00.45.00.05,535.104.05,12.535.104.05,fmaas-devstage-backen-9cjgj-worker-a100-il-rdma-3-jx6tm,GPU-fae4890e-cca3-f53f-3743-ba11e6e50022,DCGM_FI_PROF_PCIE_TX_BYTES,nvidia-dcgm-exporter,nvidia3,gpu-metrics,3,192.241.129.18:9400,nvidia-dcgm-exporter,NVIDIA A100-SXM4-80GB,nvidia-gpu-operator,nvidia-dcgm-exporter-xq25l,openshift-monitoring/k8s,nvidia-dcgm-exporter,391084.0,caikit-runtime,fmaas-tuning,devstage-cais-6957b8dfd7-pspvr
2024-05-21 18:50:43.667999983,NVIDIA,6.16,G506.0210.00.03,2.0,1652523004560,92.00.45.00.05,535.104.05,12.535.104.05,fmaas-devstage-backen-9cjgj-worker-a100-il-rdma-3-jx6tm,GPU-fae4890e-cca3-f53f-3743-ba11e6e50022,DCGM_FI_PROF_PCIE_TX_BYTES,nvidia-dcgm-exporter,nvidia3,gpu-metrics,3,192.241.129.18:9400,nvidia-dcgm-exporter,NVIDIA A100-SXM4-80GB,nvidia-gpu-operator,nvidia-dcgm-exporter-xq25l,openshift-monitoring/k8s,nvidia-dcgm-exporter,1095855.0,caikit-runtime,fmaas-tuning,devstage-cais-6957b8dfd7-pspvr
2024-05-21 18:51:13.667999983,NVIDIA,6.16,G506.0210.00.03,2.0,1652523004560,92.00.45.00.05,535.104.05,12.535.104.05,fmaas-devstage-backen-9cjgj-worker-a100-il-rdma-3-jx6tm,GPU-fae4890e-cca3-f53f-3743-ba11e6e50022,DCGM_FI_PROF_PCIE_TX_BYTES,nvidia-dcgm-exporter,nvidia3,gpu-metrics,3,192.241.129.18:9400,nvidia-dcgm-exporter,NVIDIA A100-SXM4-80GB,nvidia-gpu-operator,nvidia-dcgm-exporter-xq25l,openshift-monitoring/k8s,nvidia-dcgm-exporter,367793.0,caikit-runtime,fmaas-tuning,devstage-cais-6957b8dfd7-pspvr
2024-05-21 18:51:43.667999983,NVIDIA,6.16,G506.0210.00.03,2.0,1652523004560,92.00.45.00.05,535.104.05,12.535.104.05,fmaas-devstage-backen-9cjgj-worker-a100-il-rdma-3-jx6tm,GPU-fae4890e-cca3-f53f-3743-ba11e6e50022,DCGM_FI_PROF_PCIE_TX_BYTES,nvidia-dcgm-exporter,nvidia3,gpu-metrics,3,192.241.129.18:9400,nvidia-dcgm-exporter,NVIDIA A100-SXM4-80GB,nvidia-gpu-operator,nvidia-dcgm-exporter-xq25l,openshift-monitoring/k8s,nvidia-dcgm-exporter,214162.0,caikit-runtime,fmaas-tuning,devstage-cais-6957b8dfd7-pspvr
2024-05-21 18:52:13.667999983,NVIDIA,6.16,G506.0210.00.03,2.0,1652523004560,92.00.45.00.05,535.104.05,12.535.104.05,fmaas-devstage-backen-9cjgj-worker-a100-il-rdma-3-jx6tm,GPU-fae4890e-cca3-f53f-3743-ba11e6e50022,DCGM_FI_PROF_PCIE_TX_BYTES,nvidia-dcgm-exporter,nvidia3,gpu-metrics,3,192.241.129.18:9400,nvidia-dcgm-exporter,NVIDIA A100-SXM4-80GB,nvidia-gpu-operator,nvidia-dcgm-exporter-xq25l,openshift-monitoring/k8s,nvidia-dcgm-exporter,440237.0,caikit-runtime,fmaas-tuning,devstage-cais-6957b8dfd7-pspvr
2024-05-21 18:52:43.667999983,NVIDIA,6.16,G506.0210.00.03,2.0,1652523004560,92.00.45.00.05,535.104.05,12.535.104.05,fmaas-devstage-backen-9cjgj-worker-a100-il-rdma-3-jx6tm,GPU-fae4890e-cca3-f53f-3743-ba11e6e50022,DCGM_FI_PROF_PCIE_TX_BYTES,nvidia-dcgm-exporter,nvidia3,gpu-metrics,3,192.241.129.18:9400,nvidia-dcgm-exporter,NVIDIA A100-SXM4-80GB,nvidia-gpu-operator,nvidia-dcgm-exporter-xq25l,openshift-monitoring/k8s,nvidia-dcgm-exporter,238668.0,caikit-runtime,fmaas-tuning,devstage-cais-6957b8dfd7-pspvr
2024-05-21 18:53:13.667999983,NVIDIA,6.16,G506.0210.00.03,2.0,1652523004560,92.00.45.00.05,535.104.05,12.535.104.05,fmaas-devstage-backen-9cjgj-worker-a100-il-rdma-3-jx6tm,GPU-fae4890e-cca3-f53f-3743-ba11e6e50022,DCGM_FI_PROF_PCIE_TX_BYTES,nvidia-dcgm-exporter,nvidia3,gpu-metrics,3,192.241.129.18:9400,nvidia-dcgm-exporter,NVIDIA A100-SXM4-80GB,nvidia-gpu-operator,nvidia-dcgm-exporter-xq25l,openshift-monitoring/k8s,nvidia-dcgm-exporter,385342.0,caikit-runtime,fmaas-tuning,devstage-cais-6957b8dfd7-pspvr
2024-05-21 18:53:43.667999983,NVIDIA,6.16,G506.0210.00.03,2.0,1652523004560,92.00.45.00.05,535.104.05,12.535.104.05,fmaas-devstage-backen-9cjgj-worker-a100-il-rdma-3-jx6tm,GPU-fae4890e-cca3-f53f-3743-ba11e6e50022,DCGM_FI_PROF_PCIE_TX_BYTES,nvidia-dcgm-exporter,nvidia3,gpu-metrics,3,192.241.129.18:9400,nvidia-dcgm-exporter,NVIDIA A100-SXM4-80GB,nvidia-gpu-operator,nvidia-dcgm-exporter-xq25l,openshift-monitoring/k8s,nvidia-dcgm-exporter,106735.0,caikit-runtime,fmaas-tuning,devstage-cais-6957b8dfd7-pspvr
2024-05-21 18:54:13.667999983,NVIDIA,6.16,G506.0210.00.03,2.0,1652523004560,92.00.45.00.05,535.104.05,12.535.104.05,fmaas-devstage-backen-9cjgj-worker-a100-il-rdma-3-jx6tm,GPU-fae4890e-cca3-f53f-3743-ba11e6e50022,DCGM_FI_PROF_PCIE_TX_BYTES,nvidia-dcgm-exporter,nvidia3,gpu-metrics,3,192.241.129.18:9400,nvidia-dcgm-exporter,NVIDIA A100-SXM4-80GB,nvidia-gpu-operator,nvidia-dcgm-exporter-xq25l,openshift-monitoring/k8s,nvidia-dcgm-exporter,413905.0,caikit-runtime,fmaas-tuning,devstage-cais-6957b8dfd7-pspvr
2024-05-21 18:54:43.667999983,NVIDIA,6.16,G506.0210.00.03,2.0,1652523004560,92.00.45.00.05,535.104.05,12.535.104.05,fmaas-devstage-backen-9cjgj-worker-a100-il-rdma-3-jx6tm,GPU-fae4890e-cca3-f53f-3743-ba11e6e50022,DCGM_FI_PROF_PCIE_TX_BYTES,nvidia-dcgm-exporter,nvidia3,gpu-metrics,3,192.241.129.18:9400,nvidia-dcgm-exporter,NVIDIA A100-SXM4-80GB,nvidia-gpu-operator,nvidia-dcgm-exporter-xq25l,openshift-monitoring/k8s,nvidia-dcgm-exporter,230260.0,caikit-runtime,fmaas-tuning,devstage-cais-6957b8dfd7-pspvr
2024-05-21 18:55:13.667999983,NVIDIA,6.16,G506.0210.00.03,2.0,1652523004560,92.00.45.00.05,535.104.05,12.535.104.05,fmaas-devstage-backen-9cjgj-worker-a100-il-rdma-3-jx6tm,GPU-fae4890e-cca3-f53f-3743-ba11e6e50022,DCGM_FI_PROF_PCIE_TX_BYTES,nvidia-dcgm-exporter,nvidia3,gpu-metrics,3,192.241.129.18:9400,nvidia-dcgm-exporter,NVIDIA A100-SXM4-80GB,nvidia-gpu-operator,nvidia-dcgm-exporter-xq25l,openshift-monitoring/k8s,nvidia-dcgm-exporter,391765.0,caikit-runtime,fmaas-tuning,devstage-cais-6957b8dfd7-pspvr
2024-05-21 18:55:43.667999983,NVIDIA,6.16,G506.0210.00.03,2.0,1652523004560,92.00.45.00.05,535.104.05,12.535.104.05,fmaas-devstage-backen-9cjgj-worker-a100-il-rdma-3-jx6tm,GPU-fae4890e-cca3-f53f-3743-ba11e6e50022,DCGM_FI_PROF_PCIE_TX_BYTES,nvidia-dcgm-exporter,nvidia3,gpu-metrics,3,192.241.129.18:9400,nvidia-dcgm-exporter,NVIDIA A100-SXM4-80GB,nvidia-gpu-operator,nvidia-dcgm-exporter-xq25l,openshift-monitoring/k8s,nvidia-dcgm-exporter,201995.0,caikit-runtime,fmaas-tuning,devstage-cais-6957b8dfd7-pspvr
2024-05-21 18:56:13.667999983,NVIDIA,6.16,G506.0210.00.03,2.0,1652523004560,92.00.45.00.05,535.104.05,12.535.104.05,fmaas-devstage-backen-9cjgj-worker-a100-il-rdma-3-jx6tm,GPU-fae4890e-cca3-f53f-3743-ba11e6e50022,DCGM_FI_PROF_PCIE_TX_BYTES,nvidia-dcgm-exporter,nvidia3,gpu-metrics,3,192.241.129.18:9400,nvidia-dcgm-exporter,NVIDIA A100-SXM4-80GB,nvidia-gpu-operator,nvidia-dcgm-exporter-xq25l,openshift-monitoring/k8s,nvidia-dcgm-exporter,438096.0,caikit-runtime,fmaas-tuning,devstage-cais-6957b8dfd7-pspvr
2024-05-21 18:46:30.772000074,NVIDIA,6.16,G506.0210.00.03,2.0,1652523004804,92.00.45.00.05,535.104.05,12.535.104.05,fmaas-devstage-backen-9cjgj-worker-a100-il-rdma-3-jx6tm,GPU-6813d4a5-a19a-6a1f-b0ae-7d70939dc17d,DCGM_FI_PROF_PCIE_TX_BYTES,nvidia-dcgm-exporter,nvidia5,gpu-metrics,5,192.241.129.18:9400,nvidia-dcgm-exporter,NVIDIA A100-SXM4-80GB,nvidia-gpu-operator,nvidia-dcgm-exporter-xq25l,openshift-monitoring/k8s,nvidia-dcgm-exporter,44240.0,,,
2024-05-21 18:46:43.667999983,NVIDIA,6.16,G506.0210.00.03,2.0,1652523004804,92.00.45.00.05,535.104.05,12.535.104.05,fmaas-devstage-backen-9cjgj-worker-a100-il-rdma-3-jx6tm,GPU-6813d4a5-a19a-6a1f-b0ae-7d70939dc17d,DCGM_FI_PROF_PCIE_TX_BYTES,nvidia-dcgm-exporter,nvidia5,gpu-metrics,5,192.241.129.18:9400,nvidia-dcgm-exporter,NVIDIA A100-SXM4-80GB,nvidia-gpu-operator,nvidia-dcgm-exporter-xq25l,openshift-monitoring/k8s,nvidia-dcgm-exporter,701154.0,,,
2024-05-21 18:47:13.667999983,NVIDIA,6.16,G506.0210.00.03,2.0,1652523004804,92.00.45.00.05,535.104.05,12.535.104.05,fmaas-devstage-backen-9cjgj-worker-a100-il-rdma-3-jx6tm,GPU-6813d4a5-a19a-6a1f-b0ae-7d70939dc17d,DCGM_FI_PROF_PCIE_TX_BYTES,nvidia-dcgm-exporter,nvidia5,gpu-metrics,5,192.241.129.18:9400,nvidia-dcgm-exporter,NVIDIA A100-SXM4-80GB,nvidia-gpu-operator,nvidia-dcgm-exporter-xq25l,openshift-monitoring/k8s,nvidia-dcgm-exporter,362741.0,,,
2024-05-21 18:47:43.667999983,NVIDIA,6.16,G506.0210.00.03,2.0,1652523004804,92.00.45.00.05,535.104.05,12.535.104.05,fmaas-devstage-backen-9cjgj-worker-a100-il-rdma-3-jx6tm,GPU-6813d4a5-a19a-6a1f-b0ae-7d70939dc17d,DCGM_FI_PROF_PCIE_TX_BYTES,nvidia-dcgm-exporter,nvidia5,gpu-metrics,5,192.241.129.18:9400,nvidia-dcgm-exporter,NVIDIA A100-SXM4-80GB,nvidia-gpu-operator,nvidia-dcgm-exporter-xq25l,openshift-monitoring/k8s,nvidia-dcgm-exporter,141240.0,,,
2024-05-21 18:48:13.667999983,NVIDIA,6.16,G506.0210.00.03,2.0,1652523004804,92.00.45.00.05,535.104.05,12.535.104.05,fmaas-devstage-backen-9cjgj-worker-a100-il-rdma-3-jx6tm,GPU-6813d4a5-a19a-6a1f-b0ae-7d70939dc17d,DCGM_FI_PROF_PCIE_TX_BYTES,nvidia-dcgm-exporter,nvidia5,gpu-metrics,5,192.241.129.18:9400,nvidia-dcgm-exporter,NVIDIA A100-SXM4-80GB,nvidia-gpu-operator,nvidia-dcgm-exporter-xq25l,openshift-monitoring/k8s,nvidia-dcgm-exporter,87520.0,,,
2024-05-21 18:48:43.667999983,NVIDIA,6.16,G506.0210.00.03,2.0,1652523004804,92.00.45.00.05,535.104.05,12.535.104.05,fmaas-devstage-backen-9cjgj-worker-a100-il-rdma-3-jx6tm,GPU-6813d4a5-a19a-6a1f-b0ae-7d70939dc17d,DCGM_FI_PROF_PCIE_TX_BYTES,nvidia-dcgm-exporter,nvidia5,gpu-metrics,5,192.241.129.18:9400,nvidia-dcgm-exporter,NVIDIA A100-SXM4-80GB,nvidia-gpu-operator,nvidia-dcgm-exporter-xq25l,openshift-monitoring/k8s,nvidia-dcgm-exporter,511041.0,,,
2024-05-21 18:49:13.667999983,NVIDIA,6.16,G506.0210.00.03,2.0,1652523004804,92.00.45.00.05,535.104.05,12.535.104.05,fmaas-devstage-backen-9cjgj-worker-a100-il-rdma-3-jx6tm,GPU-6813d4a5-a19a-6a1f-b0ae-7d70939dc17d,DCGM_FI_PROF_PCIE_TX_BYTES,nvidia-dcgm-exporter,nvidia5,gpu-metrics,5,192.241.129.18:9400,nvidia-dcgm-exporter,NVIDIA A100-SXM4-80GB,nvidia-gpu-operator,nvidia-dcgm-exporter-xq25l,openshift-monitoring/k8s,nvidia-dcgm-exporter,309869.0,,,
2024-05-21 18:49:43.667999983,NVIDIA,6.16,G506.0210.00.03,2.0,1652523004804,92.00.45.00.05,535.104.05,12.535.104.05,fmaas-devstage-backen-9cjgj-worker-a100-il-rdma-3-jx6tm,GPU-6813d4a5-a19a-6a1f-b0ae-7d70939dc17d,DCGM_FI_PROF_PCIE_TX_BYTES,nvidia-dcgm-exporter,nvidia5,gpu-metrics,5,192.241.129.18:9400,nvidia-dcgm-exporter,NVIDIA A100-SXM4-80GB,nvidia-gpu-operator,nvidia-dcgm-exporter-xq25l,openshift-monitoring/k8s,nvidia-dcgm-exporter,1125737.0,,,
2024-05-21 18:50:13.667999983,NVIDIA,6.16,G506.0210.00.03,2.0,1652523004804,92.00.45.00.05,535.104.05,12.535.104.05,fmaas-devstage-backen-9cjgj-worker-a100-il-rdma-3-jx6tm,GPU-6813d4a5-a19a-6a1f-b0ae-7d70939dc17d,DCGM_FI_PROF_PCIE_TX_BYTES,nvidia-dcgm-exporter,nvidia5,gpu-metrics,5,192.241.129.18:9400,nvidia-dcgm-exporter,NVIDIA A100-SXM4-80GB,nvidia-gpu-operator,nvidia-dcgm-exporter-xq25l,openshift-monitoring/k8s,nvidia-dcgm-exporter,136470.0,,,
2024-05-21 18:50:43.667999983,NVIDIA,6.16,G506.0210.00.03,2.0,1652523004804,92.00.45.00.05,535.104.05,12.535.104.05,fmaas-devstage-backen-9cjgj-worker-a100-il-rdma-3-jx6tm,GPU-6813d4a5-a19a-6a1f-b0ae-7d70939dc17d,DCGM_FI_PROF_PCIE_TX_BYTES,nvidia-dcgm-exporter,nvidia5,gpu-metrics,5,192.241.129.18:9400,nvidia-dcgm-exporter,NVIDIA A100-SXM4-80GB,nvidia-gpu-operator,nvidia-dcgm-exporter-xq25l,openshift-monitoring/k8s,nvidia-dcgm-exporter,1077423.0,,,
2024-05-21 18:51:13.667999983,NVIDIA,6.16,G506.0210.00.03,2.0,1652523004804,92.00.45.00.05,535.104.05,12.535.104.05,fmaas-devstage-backen-9cjgj-worker-a100-il-rdma-3-jx6tm,GPU-6813d4a5-a19a-6a1f-b0ae-7d70939dc17d,DCGM_FI_PROF_PCIE_TX_BYTES,nvidia-dcgm-exporter,nvidia5,gpu-metrics,5,192.241.129.18:9400,nvidia-dcgm-exporter,NVIDIA A100-SXM4-80GB,nvidia-gpu-operator,nvidia-dcgm-exporter-xq25l,openshift-monitoring/k8s,nvidia-dcgm-exporter,612807.0,,,
2024-05-21 18:51:43.667999983,NVIDIA,6.16,G506.0210.00.03,2.0,1652523004804,92.00.45.00.05,535.104.05,12.535.104.05,fmaas-devstage-backen-9cjgj-worker-a100-il-rdma-3-jx6tm,GPU-6813d4a5-a19a-6a1f-b0ae-7d70939dc17d,DCGM_FI_PROF_PCIE_TX_BYTES,nvidia-dcgm-exporter,nvidia5,gpu-metrics,5,192.241.129.18:9400,nvidia-dcgm-exporter,NVIDIA A100-SXM4-80GB,nvidia-gpu-operator,nvidia-dcgm-exporter-xq25l,openshift-monitoring/k8s,nvidia-dcgm-exporter,341765.0,,,
2024-05-21 18:52:13.667999983,NVIDIA,6.16,G506.0210.00.03,2.0,1652523004804,92.00.45.00.05,535.104.05,12.535.104.05,fmaas-devstage-backen-9cjgj-worker-a100-il-rdma-3-jx6tm,GPU-6813d4a5-a19a-6a1f-b0ae-7d70939dc17d,DCGM_FI_PROF_PCIE_TX_BYTES,nvidia-dcgm-exporter,nvidia5,gpu-metrics,5,192.241.129.18:9400,nvidia-dcgm-exporter,NVIDIA A100-SXM4-80GB,nvidia-gpu-operator,nvidia-dcgm-exporter-xq25l,openshift-monitoring/k8s,nvidia-dcgm-exporter,129655.0,,,
2024-05-21 18:52:43.667999983,NVIDIA,6.16,G506.0210.00.03,2.0,1652523004804,92.00.45.00.05,535.104.05,12.535.104.05,fmaas-devstage-backen-9cjgj-worker-a100-il-rdma-3-jx6tm,GPU-6813d4a5-a19a-6a1f-b0ae-7d70939dc17d,DCGM_FI_PROF_PCIE_TX_BYTES,nvidia-dcgm-exporter,nvidia5,gpu-metrics,5,192.241.129.18:9400,nvidia-dcgm-exporter,NVIDIA A100-SXM4-80GB,nvidia-gpu-operator,nvidia-dcgm-exporter-xq25l,openshift-monitoring/k8s,nvidia-dcgm-exporter,82766.0,,,
2024-05-21 18:53:13.667999983,NVIDIA,6.16,G506.0210.00.03,2.0,1652523004804,92.00.45.00.05,535.104.05,12.535.104.05,fmaas-devstage-backen-9cjgj-worker-a100-il-rdma-3-jx6tm,GPU-6813d4a5-a19a-6a1f-b0ae-7d70939dc17d,DCGM_FI_PROF_PCIE_TX_BYTES,nvidia-dcgm-exporter,nvidia5,gpu-metrics,5,192.241.129.18:9400,nvidia-dcgm-exporter,NVIDIA A100-SXM4-80GB,nvidia-gpu-operator,nvidia-dcgm-exporter-xq25l,openshift-monitoring/k8s,nvidia-dcgm-exporter,501178.0,,,
2024-05-21 18:53:43.667999983,NVIDIA,6.16,G506.0210.00.03,2.0,1652523004804,92.00.45.00.05,535.104.05,12.535.104.05,fmaas-devstage-backen-9cjgj-worker-a100-il-rdma-3-jx6tm,GPU-6813d4a5-a19a-6a1f-b0ae-7d70939dc17d,DCGM_FI_PROF_PCIE_TX_BYTES,nvidia-dcgm-exporter,nvidia5,gpu-metrics,5,192.241.129.18:9400,nvidia-dcgm-exporter,NVIDIA A100-SXM4-80GB,nvidia-gpu-operator,nvidia-dcgm-exporter-xq25l,openshift-monitoring/k8s,nvidia-dcgm-exporter,164168.0,,,
2024-05-21 18:54:13.667999983,NVIDIA,6.16,G506.0210.00.03,2.0,1652523004804,92.00.45.00.05,535.104.05,12.535.104.05,fmaas-devstage-backen-9cjgj-worker-a100-il-rdma-3-jx6tm,GPU-6813d4a5-a19a-6a1f-b0ae-7d70939dc17d,DCGM_FI_PROF_PCIE_TX_BYTES,nvidia-dcgm-exporter,nvidia5,gpu-metrics,5,192.241.129.18:9400,nvidia-dcgm-exporter,NVIDIA A100-SXM4-80GB,nvidia-gpu-operator,nvidia-dcgm-exporter-xq25l,openshift-monitoring/k8s,nvidia-dcgm-exporter,196525.0,,,
2024-05-21 18:54:43.667999983,NVIDIA,6.16,G506.0210.00.03,2.0,1652523004804,92.00.45.00.05,535.104.05,12.535.104.05,fmaas-devstage-backen-9cjgj-worker-a100-il-rdma-3-jx6tm,GPU-6813d4a5-a19a-6a1f-b0ae-7d70939dc17d,DCGM_FI_PROF_PCIE_TX_BYTES,nvidia-dcgm-exporter,nvidia5,gpu-metrics,5,192.241.129.18:9400,nvidia-dcgm-exporter,NVIDIA A100-SXM4-80GB,nvidia-gpu-operator,nvidia-dcgm-exporter-xq25l,openshift-monitoring/k8s,nvidia-dcgm-exporter,117907.0,,,
2024-05-21 18:55:13.667999983,NVIDIA,6.16,G506.0210.00.03,2.0,1652523004804,92.00.45.00.05,535.104.05,12.535.104.05,fmaas-devstage-backen-9cjgj-worker-a100-il-rdma-3-jx6tm,GPU-6813d4a5-a19a-6a1f-b0ae-7d70939dc17d,DCGM_FI_PROF_PCIE_TX_BYTES,nvidia-dcgm-exporter,nvidia5,gpu-metrics,5,192.241.129.18:9400,nvidia-dcgm-exporter,NVIDIA A100-SXM4-80GB,nvidia-gpu-operator,nvidia-dcgm-exporter-xq25l,openshift-monitoring/k8s,nvidia-dcgm-exporter,522943.0,,,
2024-05-21 18:55:43.667999983,NVIDIA,6.16,G506.0210.00.03,2.0,1652523004804,92.00.45.00.05,535.104.05,12.535.104.05,fmaas-devstage-backen-9cjgj-worker-a100-il-rdma-3-jx6tm,GPU-6813d4a5-a19a-6a1f-b0ae-7d70939dc17d,DCGM_FI_PROF_PCIE_TX_BYTES,nvidia-dcgm-exporter,nvidia5,gpu-metrics,5,192.241.129.18:9400,nvidia-dcgm-exporter,NVIDIA A100-SXM4-80GB,nvidia-gpu-operator,nvidia-dcgm-exporter-xq25l,openshift-monitoring/k8s,nvidia-dcgm-exporter,253519.0,,,
2024-05-21 18:56:13.667999983,NVIDIA,6.16,G506.0210.00.03,2.0,1652523004804,92.00.45.00.05,535.104.05,12.535.104.05,fmaas-devstage-backen-9cjgj-worker-a100-il-rdma-3-jx6tm,GPU-6813d4a5-a19a-6a1f-b0ae-7d70939dc17d,DCGM_FI_PROF_PCIE_TX_BYTES,nvidia-dcgm-exporter,nvidia5,gpu-metrics,5,192.241.129.18:9400,nvidia-dcgm-exporter,NVIDIA A100-SXM4-80GB,nvidia-gpu-operator,nvidia-dcgm-exporter-xq25l,openshift-monitoring/k8s,nvidia-dcgm-exporter,249980.0,,,
2024-05-21 18:46:30.772000074,NVIDIA,6.16,G506.0210.00.03,2.0,1652523021837,92.00.45.00.05,535.104.05,12.535.104.05,fmaas-devstage-backen-9cjgj-worker-a100-il-rdma-3-jx6tm,GPU-b30541a1-5408-9bb3-d9fa-12665d1e7472,DCGM_FI_PROF_PCIE_TX_BYTES,nvidia-dcgm-exporter,nvidia4,gpu-metrics,4,192.241.129.18:9400,nvidia-dcgm-exporter,NVIDIA A100-SXM4-80GB,nvidia-gpu-operator,nvidia-dcgm-exporter-xq25l,openshift-monitoring/k8s,nvidia-dcgm-exporter,39205.0,,,
2024-05-21 18:46:43.667999983,NVIDIA,6.16,G506.0210.00.03,2.0,1652523021837,92.00.45.00.05,535.104.05,12.535.104.05,fmaas-devstage-backen-9cjgj-worker-a100-il-rdma-3-jx6tm,GPU-b30541a1-5408-9bb3-d9fa-12665d1e7472,DCGM_FI_PROF_PCIE_TX_BYTES,nvidia-dcgm-exporter,nvidia4,gpu-metrics,4,192.241.129.18:9400,nvidia-dcgm-exporter,NVIDIA A100-SXM4-80GB,nvidia-gpu-operator,nvidia-dcgm-exporter-xq25l,openshift-monitoring/k8s,nvidia-dcgm-exporter,882646.0,,,
2024-05-21 18:47:13.667999983,NVIDIA,6.16,G506.0210.00.03,2.0,1652523021837,92.00.45.00.05,535.104.05,12.535.104.05,fmaas-devstage-backen-9cjgj-worker-a100-il-rdma-3-jx6tm,GPU-b30541a1-5408-9bb3-d9fa-12665d1e7472,DCGM_FI_PROF_PCIE_TX_BYTES,nvidia-dcgm-exporter,nvidia4,gpu-metrics,4,192.241.129.18:9400,nvidia-dcgm-exporter,NVIDIA A100-SXM4-80GB,nvidia-gpu-operator,nvidia-dcgm-exporter-xq25l,openshift-monitoring/k8s,nvidia-dcgm-exporter,431747.0,,,
2024-05-21 18:47:43.667999983,NVIDIA,6.16,G506.0210.00.03,2.0,1652523021837,92.00.45.00.05,535.104.05,12.535.104.05,fmaas-devstage-backen-9cjgj-worker-a100-il-rdma-3-jx6tm,GPU-b30541a1-5408-9bb3-d9fa-12665d1e7472,DCGM_FI_PROF_PCIE_TX_BYTES,nvidia-dcgm-exporter,nvidia4,gpu-metrics,4,192.241.129.18:9400,nvidia-dcgm-exporter,NVIDIA A100-SXM4-80GB,nvidia-gpu-operator,nvidia-dcgm-exporter-xq25l,openshift-monitoring/k8s,nvidia-dcgm-exporter,79365.0,,,
2024-05-21 18:48:13.667999983,NVIDIA,6.16,G506.0210.00.03,2.0,1652523021837,92.00.45.00.05,535.104.05,12.535.104.05,fmaas-devstage-backen-9cjgj-worker-a100-il-rdma-3-jx6tm,GPU-b30541a1-5408-9bb3-d9fa-12665d1e7472,DCGM_FI_PROF_PCIE_TX_BYTES,nvidia-dcgm-exporter,nvidia4,gpu-metrics,4,192.241.129.18:9400,nvidia-dcgm-exporter,NVIDIA A100-SXM4-80GB,nvidia-gpu-operator,nvidia-dcgm-exporter-xq25l,openshift-monitoring/k8s,nvidia-dcgm-exporter,64497.0,,,
2024-05-21 18:48:43.667999983,NVIDIA,6.16,G506.0210.00.03,2.0,1652523021837,92.00.45.00.05,535.104.05,12.535.104.05,fmaas-devstage-backen-9cjgj-worker-a100-il-rdma-3-jx6tm,GPU-b30541a1-5408-9bb3-d9fa-12665d1e7472,DCGM_FI_PROF_PCIE_TX_BYTES,nvidia-dcgm-exporter,nvidia4,gpu-metrics,4,192.241.129.18:9400,nvidia-dcgm-exporter,NVIDIA A100-SXM4-80GB,nvidia-gpu-operator,nvidia-dcgm-exporter-xq25l,openshift-monitoring/k8s,nvidia-dcgm-exporter,646641.0,,,
2024-05-21 18:49:13.667999983,NVIDIA,6.16,G506.0210.00.03,2.0,1652523021837,92.00.45.00.05,535.104.05,12.535.104.05,fmaas-devstage-backen-9cjgj-worker-a100-il-rdma-3-jx6tm,GPU-b30541a1-5408-9bb3-d9fa-12665d1e7472,DCGM_FI_PROF_PCIE_TX_BYTES,nvidia-dcgm-exporter,nvidia4,gpu-metrics,4,192.241.129.18:9400,nvidia-dcgm-exporter,NVIDIA A100-SXM4-80GB,nvidia-gpu-operator,nvidia-dcgm-exporter-xq25l,openshift-monitoring/k8s,nvidia-dcgm-exporter,381255.0,,,
2024-05-21 18:49:43.667999983,NVIDIA,6.16,G506.0210.00.03,2.0,1652523021837,92.00.45.00.05,535.104.05,12.535.104.05,fmaas-devstage-backen-9cjgj-worker-a100-il-rdma-3-jx6tm,GPU-b30541a1-5408-9bb3-d9fa-12665d1e7472,DCGM_FI_PROF_PCIE_TX_BYTES,nvidia-dcgm-exporter,nvidia4,gpu-metrics,4,192.241.129.18:9400,nvidia-dcgm-exporter,NVIDIA A100-SXM4-80GB,nvidia-gpu-operator,nvidia-dcgm-exporter-xq25l,openshift-monitoring/k8s,nvidia-dcgm-exporter,1155688.0,,,
2024-05-21 18:50:13.667999983,NVIDIA,6.16,G506.0210.00.03,2.0,1652523021837,92.00.45.00.05,535.104.05,12.535.104.05,fmaas-devstage-backen-9cjgj-worker-a100-il-rdma-3-jx6tm,GPU-b30541a1-5408-9bb3-d9fa-12665d1e7472,DCGM_FI_PROF_PCIE_TX_BYTES,nvidia-dcgm-exporter,nvidia4,gpu-metrics,4,192.241.129.18:9400,nvidia-dcgm-exporter,NVIDIA A100-SXM4-80GB,nvidia-gpu-operator,nvidia-dcgm-exporter-xq25l,openshift-monitoring/k8s,nvidia-dcgm-exporter,86452.0,,,
2024-05-21 18:50:43.667999983,NVIDIA,6.16,G506.0210.00.03,2.0,1652523021837,92.00.45.00.05,535.104.05,12.535.104.05,fmaas-devstage-backen-9cjgj-worker-a100-il-rdma-3-jx6tm,GPU-b30541a1-5408-9bb3-d9fa-12665d1e7472,DCGM_FI_PROF_PCIE_TX_BYTES,nvidia-dcgm-exporter,nvidia4,gpu-metrics,4,192.241.129.18:9400,nvidia-dcgm-exporter,NVIDIA A100-SXM4-80GB,nvidia-gpu-operator,nvidia-dcgm-exporter-xq25l,openshift-monitoring/k8s,nvidia-dcgm-exporter,1143579.0,,,
2024-05-21 18:51:13.667999983,NVIDIA,6.16,G506.0210.00.03,2.0,1652523021837,92.00.45.00.05,535.104.05,12.535.104.05,fmaas-devstage-backen-9cjgj-worker-a100-il-rdma-3-jx6tm,GPU-b30541a1-5408-9bb3-d9fa-12665d1e7472,DCGM_FI_PROF_PCIE_TX_BYTES,nvidia-dcgm-exporter,nvidia4,gpu-metrics,4,192.241.129.18:9400,nvidia-dcgm-exporter,NVIDIA A100-SXM4-80GB,nvidia-gpu-operator,nvidia-dcgm-exporter-xq25l,openshift-monitoring/k8s,nvidia-dcgm-exporter,654227.0,,,
2024-05-21 18:51:43.667999983,NVIDIA,6.16,G506.0210.00.03,2.0,1652523021837,92.00.45.00.05,535.104.05,12.535.104.05,fmaas-devstage-backen-9cjgj-worker-a100-il-rdma-3-jx6tm,GPU-b30541a1-5408-9bb3-d9fa-12665d1e7472,DCGM_FI_PROF_PCIE_TX_BYTES,nvidia-dcgm-exporter,nvidia4,gpu-metrics,4,192.241.129.18:9400,nvidia-dcgm-exporter,NVIDIA A100-SXM4-80GB,nvidia-gpu-operator,nvidia-dcgm-exporter-xq25l,openshift-monitoring/k8s,nvidia-dcgm-exporter,371229.0,,,
2024-05-21 18:52:13.667999983,NVIDIA,6.16,G506.0210.00.03,2.0,1652523021837,92.00.45.00.05,535.104.05,12.535.104.05,fmaas-devstage-backen-9cjgj-worker-a100-il-rdma-3-jx6tm,GPU-b30541a1-5408-9bb3-d9fa-12665d1e7472,DCGM_FI_PROF_PCIE_TX_BYTES,nvidia-dcgm-exporter,nvidia4,gpu-metrics,4,192.241.129.18:9400,nvidia-dcgm-exporter,NVIDIA A100-SXM4-80GB,nvidia-gpu-operator,nvidia-dcgm-exporter-xq25l,openshift-monitoring/k8s,nvidia-dcgm-exporter,126268.0,,,
2024-05-21 18:52:43.667999983,NVIDIA,6.16,G506.0210.00.03,2.0,1652523021837,92.00.45.00.05,535.104.05,12.535.104.05,fmaas-devstage-backen-9cjgj-worker-a100-il-rdma-3-jx6tm,GPU-b30541a1-5408-9bb3-d9fa-12665d1e7472,DCGM_FI_PROF_PCIE_TX_BYTES,nvidia-dcgm-exporter,nvidia4,gpu-metrics,4,192.241.129.18:9400,nvidia-dcgm-exporter,NVIDIA A100-SXM4-80GB,nvidia-gpu-operator,nvidia-dcgm-exporter-xq25l,openshift-monitoring/k8s,nvidia-dcgm-exporter,108261.0,,,
2024-05-21 18:53:13.667999983,NVIDIA,6.16,G506.0210.00.03,2.0,1652523021837,92.00.45.00.05,535.104.05,12.535.104.05,fmaas-devstage-backen-9cjgj-worker-a100-il-rdma-3-jx6tm,GPU-b30541a1-5408-9bb3-d9fa-12665d1e7472,DCGM_FI_PROF_PCIE_TX_BYTES,nvidia-dcgm-exporter,nvidia4,gpu-metrics,4,192.241.129.18:9400,nvidia-dcgm-exporter,NVIDIA A100-SXM4-80GB,nvidia-gpu-operator,nvidia-dcgm-exporter-xq25l,openshift-monitoring/k8s,nvidia-dcgm-exporter,615343.0,,,
2024-05-21 18:53:43.667999983,NVIDIA,6.16,G506.0210.00.03,2.0,1652523021837,92.00.45.00.05,535.104.05,12.535.104.05,fmaas-devstage-backen-9cjgj-worker-a100-il-rdma-3-jx6tm,GPU-b30541a1-5408-9bb3-d9fa-12665d1e7472,DCGM_FI_PROF_PCIE_TX_BYTES,nvidia-dcgm-exporter,nvidia4,gpu-metrics,4,192.241.129.18:9400,nvidia-dcgm-exporter,NVIDIA A100-SXM4-80GB,nvidia-gpu-operator,nvidia-dcgm-exporter-xq25l,openshift-monitoring/k8s,nvidia-dcgm-exporter,154325.0,,,
2024-05-21 18:54:13.667999983,NVIDIA,6.16,G506.0210.00.03,2.0,1652523021837,92.00.45.00.05,535.104.05,12.535.104.05,fmaas-devstage-backen-9cjgj-worker-a100-il-rdma-3-jx6tm,GPU-b30541a1-5408-9bb3-d9fa-12665d1e7472,DCGM_FI_PROF_PCIE_TX_BYTES,nvidia-dcgm-exporter,nvidia4,gpu-metrics,4,192.241.129.18:9400,nvidia-dcgm-exporter,NVIDIA A100-SXM4-80GB,nvidia-gpu-operator,nvidia-dcgm-exporter-xq25l,openshift-monitoring/k8s,nvidia-dcgm-exporter,146174.0,,,
2024-05-21 18:54:43.667999983,NVIDIA,6.16,G506.0210.00.03,2.0,1652523021837,92.00.45.00.05,535.104.05,12.535.104.05,fmaas-devstage-backen-9cjgj-worker-a100-il-rdma-3-jx6tm,GPU-b30541a1-5408-9bb3-d9fa-12665d1e7472,DCGM_FI_PROF_PCIE_TX_BYTES,nvidia-dcgm-exporter,nvidia4,gpu-metrics,4,192.241.129.18:9400,nvidia-dcgm-exporter,NVIDIA A100-SXM4-80GB,nvidia-gpu-operator,nvidia-dcgm-exporter-xq25l,openshift-monitoring/k8s,nvidia-dcgm-exporter,96854.0,,,
2024-05-21 18:55:13.667999983,NVIDIA,6.16,G506.0210.00.03,2.0,1652523021837,92.00.45.00.05,535.104.05,12.535.104.05,fmaas-devstage-backen-9cjgj-worker-a100-il-rdma-3-jx6tm,GPU-b30541a1-5408-9bb3-d9fa-12665d1e7472,DCGM_FI_PROF_PCIE_TX_BYTES,nvidia-dcgm-exporter,nvidia4,gpu-metrics,4,192.241.129.18:9400,nvidia-dcgm-exporter,NVIDIA A100-SXM4-80GB,nvidia-gpu-operator,nvidia-dcgm-exporter-xq25l,openshift-monitoring/k8s,nvidia-dcgm-exporter,663733.0,,,
2024-05-21 18:55:43.667999983,NVIDIA,6.16,G506.0210.00.03,2.0,1652523021837,92.00.45.00.05,535.104.05,12.535.104.05,fmaas-devstage-backen-9cjgj-worker-a100-il-rdma-3-jx6tm,GPU-b30541a1-5408-9bb3-d9fa-12665d1e7472,DCGM_FI_PROF_PCIE_TX_BYTES,nvidia-dcgm-exporter,nvidia4,gpu-metrics,4,192.241.129.18:9400,nvidia-dcgm-exporter,NVIDIA A100-SXM4-80GB,nvidia-gpu-operator,nvidia-dcgm-exporter-xq25l,openshift-monitoring/k8s,nvidia-dcgm-exporter,328819.0,,,
2024-05-21 18:56:13.667999983,NVIDIA,6.16,G506.0210.00.03,2.0,1652523021837,92.00.45.00.05,535.104.05,12.535.104.05,fmaas-devstage-backen-9cjgj-worker-a100-il-rdma-3-jx6tm,GPU-b30541a1-5408-9bb3-d9fa-12665d1e7472,DCGM_FI_PROF_PCIE_TX_BYTES,nvidia-dcgm-exporter,nvidia4,gpu-metrics,4,192.241.129.18:9400,nvidia-dcgm-exporter,NVIDIA A100-SXM4-80GB,nvidia-gpu-operator,nvidia-dcgm-exporter-xq25l,openshift-monitoring/k8s,nvidia-dcgm-exporter,145440.0,,,
2024-05-21 18:46:30.772000074,NVIDIA,6.16,G506.0210.00.03,2.0,1652523023451,92.00.45.00.05,535.104.05,12.535.104.05,fmaas-devstage-backen-9cjgj-worker-a100-il-rdma-3-jx6tm,GPU-5a7be2c2-efcc-3083-73b1-eee12a966584,DCGM_FI_PROF_PCIE_TX_BYTES,nvidia-dcgm-exporter,nvidia0,gpu-metrics,0,192.241.129.18:9400,nvidia-dcgm-exporter,NVIDIA A100-SXM4-80GB,nvidia-gpu-operator,nvidia-dcgm-exporter-xq25l,openshift-monitoring/k8s,nvidia-dcgm-exporter,73688.0,,,
2024-05-21 18:46:43.667999983,NVIDIA,6.16,G506.0210.00.03,2.0,1652523023451,92.00.45.00.05,535.104.05,12.535.104.05,fmaas-devstage-backen-9cjgj-worker-a100-il-rdma-3-jx6tm,GPU-5a7be2c2-efcc-3083-73b1-eee12a966584,DCGM_FI_PROF_PCIE_TX_BYTES,nvidia-dcgm-exporter,nvidia0,gpu-metrics,0,192.241.129.18:9400,nvidia-dcgm-exporter,NVIDIA A100-SXM4-80GB,nvidia-gpu-operator,nvidia-dcgm-exporter-xq25l,openshift-monitoring/k8s,nvidia-dcgm-exporter,414162.0,,,
2024-05-21 18:47:13.667999983,NVIDIA,6.16,G506.0210.00.03,2.0,1652523023451,92.00.45.00.05,535.104.05,12.535.104.05,fmaas-devstage-backen-9cjgj-worker-a100-il-rdma-3-jx6tm,GPU-5a7be2c2-efcc-3083-73b1-eee12a966584,DCGM_FI_PROF_PCIE_TX_BYTES,nvidia-dcgm-exporter,nvidia0,gpu-metrics,0,192.241.129.18:9400,nvidia-dcgm-exporter,NVIDIA A100-SXM4-80GB,nvidia-gpu-operator,nvidia-dcgm-exporter-xq25l,openshift-monitoring/k8s,nvidia-dcgm-exporter,383699.0,,,
2024-05-21 18:47:43.667999983,NVIDIA,6.16,G506.0210.00.03,2.0,1652523023451,92.00.45.00.05,535.104.05,12.535.104.05,fmaas-devstage-backen-9cjgj-worker-a100-il-rdma-3-jx6tm,GPU-5a7be2c2-efcc-3083-73b1-eee12a966584,DCGM_FI_PROF_PCIE_TX_BYTES,nvidia-dcgm-exporter,nvidia0,gpu-metrics,0,192.241.129.18:9400,nvidia-dcgm-exporter,NVIDIA A100-SXM4-80GB,nvidia-gpu-operator,nvidia-dcgm-exporter-xq25l,openshift-monitoring/k8s,nvidia-dcgm-exporter,154208.0,,,
2024-05-21 18:48:13.667999983,NVIDIA,6.16,G506.0210.00.03,2.0,1652523023451,92.00.45.00.05,535.104.05,12.535.104.05,fmaas-devstage-backen-9cjgj-worker-a100-il-rdma-3-jx6tm,GPU-5a7be2c2-efcc-3083-73b1-eee12a966584,DCGM_FI_PROF_PCIE_TX_BYTES,nvidia-dcgm-exporter,nvidia0,gpu-metrics,0,192.241.129.18:9400,nvidia-dcgm-exporter,NVIDIA A100-SXM4-80GB,nvidia-gpu-operator,nvidia-dcgm-exporter-xq25l,openshift-monitoring/k8s,nvidia-dcgm-exporter,93259.0,,,
2024-05-21 18:48:43.667999983,NVIDIA,6.16,G506.0210.00.03,2.0,1652523023451,92.00.45.00.05,535.104.05,12.535.104.05,fmaas-devstage-backen-9cjgj-worker-a100-il-rdma-3-jx6tm,GPU-5a7be2c2-efcc-3083-73b1-eee12a966584,DCGM_FI_PROF_PCIE_TX_BYTES,nvidia-dcgm-exporter,nvidia0,gpu-metrics,0,192.241.129.18:9400,nvidia-dcgm-exporter,NVIDIA A100-SXM4-80GB,nvidia-gpu-operator,nvidia-dcgm-exporter-xq25l,openshift-monitoring/k8s,nvidia-dcgm-exporter,557579.0,,,
2024-05-21 18:49:13.667999983,NVIDIA,6.16,G506.0210.00.03,2.0,1652523023451,92.00.45.00.05,535.104.05,12.535.104.05,fmaas-devstage-backen-9cjgj-worker-a100-il-rdma-3-jx6tm,GPU-5a7be2c2-efcc-3083-73b1-eee12a966584,DCGM_FI_PROF_PCIE_TX_BYTES,nvidia-dcgm-exporter,nvidia0,gpu-metrics,0,192.241.129.18:9400,nvidia-dcgm-exporter,NVIDIA A100-SXM4-80GB,nvidia-gpu-operator,nvidia-dcgm-exporter-xq25l,openshift-monitoring/k8s,nvidia-dcgm-exporter,200925.0,,,
2024-05-21 18:49:43.667999983,NVIDIA,6.16,G506.0210.00.03,2.0,1652523023451,92.00.45.00.05,535.104.05,12.535.104.05,fmaas-devstage-backen-9cjgj-worker-a100-il-rdma-3-jx6tm,GPU-5a7be2c2-efcc-3083-73b1-eee12a966584,DCGM_FI_PROF_PCIE_TX_BYTES,nvidia-dcgm-exporter,nvidia0,gpu-metrics,0,192.241.129.18:9400,nvidia-dcgm-exporter,NVIDIA A100-SXM4-80GB,nvidia-gpu-operator,nvidia-dcgm-exporter-xq25l,openshift-monitoring/k8s,nvidia-dcgm-exporter,1646831.0,,,
2024-05-21 18:50:13.667999983,NVIDIA,6.16,G506.0210.00.03,2.0,1652523023451,92.00.45.00.05,535.104.05,12.535.104.05,fmaas-devstage-backen-9cjgj-worker-a100-il-rdma-3-jx6tm,GPU-5a7be2c2-efcc-3083-73b1-eee12a966584,DCGM_FI_PROF_PCIE_TX_BYTES,nvidia-dcgm-exporter,nvidia0,gpu-metrics,0,192.241.129.18:9400,nvidia-dcgm-exporter,NVIDIA A100-SXM4-80GB,nvidia-gpu-operator,nvidia-dcgm-exporter-xq25l,openshift-monitoring/k8s,nvidia-dcgm-exporter,100585.0,,,
2024-05-21 18:50:43.667999983,NVIDIA,6.16,G506.0210.00.03,2.0,1652523023451,92.00.45.00.05,535.104.05,12.535.104.05,fmaas-devstage-backen-9cjgj-worker-a100-il-rdma-3-jx6tm,GPU-5a7be2c2-efcc-3083-73b1-eee12a966584,DCGM_FI_PROF_PCIE_TX_BYTES,nvidia-dcgm-exporter,nvidia0,gpu-metrics,0,192.241.129.18:9400,nvidia-dcgm-exporter,NVIDIA A100-SXM4-80GB,nvidia-gpu-operator,nvidia-dcgm-exporter-xq25l,openshift-monitoring/k8s,nvidia-dcgm-exporter,1422859.0,,,
2024-05-21 18:51:13.667999983,NVIDIA,6.16,G506.0210.00.03,2.0,1652523023451,92.00.45.00.05,535.104.05,12.535.104.05,fmaas-devstage-backen-9cjgj-worker-a100-il-rdma-3-jx6tm,GPU-5a7be2c2-efcc-3083-73b1-eee12a966584,DCGM_FI_PROF_PCIE_TX_BYTES,nvidia-dcgm-exporter,nvidia0,gpu-metrics,0,192.241.129.18:9400,nvidia-dcgm-exporter,NVIDIA A100-SXM4-80GB,nvidia-gpu-operator,nvidia-dcgm-exporter-xq25l,openshift-monitoring/k8s,nvidia-dcgm-exporter,314061.0,,,
2024-05-21 18:51:43.667999983,NVIDIA,6.16,G506.0210.00.03,2.0,1652523023451,92.00.45.00.05,535.104.05,12.535.104.05,fmaas-devstage-backen-9cjgj-worker-a100-il-rdma-3-jx6tm,GPU-5a7be2c2-efcc-3083-73b1-eee12a966584,DCGM_FI_PROF_PCIE_TX_BYTES,nvidia-dcgm-exporter,nvidia0,gpu-metrics,0,192.241.129.18:9400,nvidia-dcgm-exporter,NVIDIA A100-SXM4-80GB,nvidia-gpu-operator,nvidia-dcgm-exporter-xq25l,openshift-monitoring/k8s,nvidia-dcgm-exporter,181345.0,,,
2024-05-21 18:52:13.667999983,NVIDIA,6.16,G506.0210.00.03,2.0,1652523023451,92.00.45.00.05,535.104.05,12.535.104.05,fmaas-devstage-backen-9cjgj-worker-a100-il-rdma-3-jx6tm,GPU-5a7be2c2-efcc-3083-73b1-eee12a966584,DCGM_FI_PROF_PCIE_TX_BYTES,nvidia-dcgm-exporter,nvidia0,gpu-metrics,0,192.241.129.18:9400,nvidia-dcgm-exporter,NVIDIA A100-SXM4-80GB,nvidia-gpu-operator,nvidia-dcgm-exporter-xq25l,openshift-monitoring/k8s,nvidia-dcgm-exporter,69882.0,,,
2024-05-21 18:52:43.667999983,NVIDIA,6.16,G506.0210.00.03,2.0,1652523023451,92.00.45.00.05,535.104.05,12.535.104.05,fmaas-devstage-backen-9cjgj-worker-a100-il-rdma-3-jx6tm,GPU-5a7be2c2-efcc-3083-73b1-eee12a966584,DCGM_FI_PROF_PCIE_TX_BYTES,nvidia-dcgm-exporter,nvidia0,gpu-metrics,0,192.241.129.18:9400,nvidia-dcgm-exporter,NVIDIA A100-SXM4-80GB,nvidia-gpu-operator,nvidia-dcgm-exporter-xq25l,openshift-monitoring/k8s,nvidia-dcgm-exporter,50625.0,,,
2024-05-21 18:53:13.667999983,NVIDIA,6.16,G506.0210.00.03,2.0,1652523023451,92.00.45.00.05,535.104.05,12.535.104.05,fmaas-devstage-backen-9cjgj-worker-a100-il-rdma-3-jx6tm,GPU-5a7be2c2-efcc-3083-73b1-eee12a966584,DCGM_FI_PROF_PCIE_TX_BYTES,nvidia-dcgm-exporter,nvidia0,gpu-metrics,0,192.241.129.18:9400,nvidia-dcgm-exporter,NVIDIA A100-SXM4-80GB,nvidia-gpu-operator,nvidia-dcgm-exporter-xq25l,openshift-monitoring/k8s,nvidia-dcgm-exporter,372086.0,,,
2024-05-21 18:53:43.667999983,NVIDIA,6.16,G506.0210.00.03,2.0,1652523023451,92.00.45.00.05,535.104.05,12.535.104.05,fmaas-devstage-backen-9cjgj-worker-a100-il-rdma-3-jx6tm,GPU-5a7be2c2-efcc-3083-73b1-eee12a966584,DCGM_FI_PROF_PCIE_TX_BYTES,nvidia-dcgm-exporter,nvidia0,gpu-metrics,0,192.241.129.18:9400,nvidia-dcgm-exporter,NVIDIA A100-SXM4-80GB,nvidia-gpu-operator,nvidia-dcgm-exporter-xq25l,openshift-monitoring/k8s,nvidia-dcgm-exporter,214883.0,,,
2024-05-21 18:54:13.667999983,NVIDIA,6.16,G506.0210.00.03,2.0,1652523023451,92.00.45.00.05,535.104.05,12.535.104.05,fmaas-devstage-backen-9cjgj-worker-a100-il-rdma-3-jx6tm,GPU-5a7be2c2-efcc-3083-73b1-eee12a966584,DCGM_FI_PROF_PCIE_TX_BYTES,nvidia-dcgm-exporter,nvidia0,gpu-metrics,0,192.241.129.18:9400,nvidia-dcgm-exporter,NVIDIA A100-SXM4-80GB,nvidia-gpu-operator,nvidia-dcgm-exporter-xq25l,openshift-monitoring/k8s,nvidia-dcgm-exporter,65144.0,,,
2024-05-21 18:54:43.667999983,NVIDIA,6.16,G506.0210.00.03,2.0,1652523023451,92.00.45.00.05,535.104.05,12.535.104.05,fmaas-devstage-backen-9cjgj-worker-a100-il-rdma-3-jx6tm,GPU-5a7be2c2-efcc-3083-73b1-eee12a966584,DCGM_FI_PROF_PCIE_TX_BYTES,nvidia-dcgm-exporter,nvidia0,gpu-metrics,0,192.241.129.18:9400,nvidia-dcgm-exporter,NVIDIA A100-SXM4-80GB,nvidia-gpu-operator,nvidia-dcgm-exporter-xq25l,openshift-monitoring/k8s,nvidia-dcgm-exporter,49128.0,,,
2024-05-21 18:55:13.667999983,NVIDIA,6.16,G506.0210.00.03,2.0,1652523023451,92.00.45.00.05,535.104.05,12.535.104.05,fmaas-devstage-backen-9cjgj-worker-a100-il-rdma-3-jx6tm,GPU-5a7be2c2-efcc-3083-73b1-eee12a966584,DCGM_FI_PROF_PCIE_TX_BYTES,nvidia-dcgm-exporter,nvidia0,gpu-metrics,0,192.241.129.18:9400,nvidia-dcgm-exporter,NVIDIA A100-SXM4-80GB,nvidia-gpu-operator,nvidia-dcgm-exporter-xq25l,openshift-monitoring/k8s,nvidia-dcgm-exporter,373733.0,,,
2024-05-21 18:55:43.667999983,NVIDIA,6.16,G506.0210.00.03,2.0,1652523023451,92.00.45.00.05,535.104.05,12.535.104.05,fmaas-devstage-backen-9cjgj-worker-a100-il-rdma-3-jx6tm,GPU-5a7be2c2-efcc-3083-73b1-eee12a966584,DCGM_FI_PROF_PCIE_TX_BYTES,nvidia-dcgm-exporter,nvidia0,gpu-metrics,0,192.241.129.18:9400,nvidia-dcgm-exporter,NVIDIA A100-SXM4-80GB,nvidia-gpu-operator,nvidia-dcgm-exporter-xq25l,openshift-monitoring/k8s,nvidia-dcgm-exporter,190403.0,,,
2024-05-21 18:56:13.667999983,NVIDIA,6.16,G506.0210.00.03,2.0,1652523023451,92.00.45.00.05,535.104.05,12.535.104.05,fmaas-devstage-backen-9cjgj-worker-a100-il-rdma-3-jx6tm,GPU-5a7be2c2-efcc-3083-73b1-eee12a966584,DCGM_FI_PROF_PCIE_TX_BYTES,nvidia-dcgm-exporter,nvidia0,gpu-metrics,0,192.241.129.18:9400,nvidia-dcgm-exporter,NVIDIA A100-SXM4-80GB,nvidia-gpu-operator,nvidia-dcgm-exporter-xq25l,openshift-monitoring/k8s,nvidia-dcgm-exporter,42097.0,,,
