timestamp,__name__,endpoint,instance,job,namespace,pod,prometheus,service,value
2024-07-03 05:45:00.407000065,tgi_request_input_length_sum,http,10.128.3.52:3000,tgis-bam,fmaas-monitoring,llama3-mig3g,openshift-user-workload-monitoring/user-workload,tgis-bam,9927576.0
2024-07-03 05:45:05.407000065,tgi_request_input_length_sum,http,10.128.3.52:3000,tgis-bam,fmaas-monitoring,llama3-mig3g,openshift-user-workload-monitoring/user-workload,tgis-bam,9927576.0
2024-07-03 05:45:10.407000065,tgi_request_input_length_sum,http,10.128.3.52:3000,tgis-bam,fmaas-monitoring,llama3-mig3g,openshift-user-workload-monitoring/user-workload,tgis-bam,9927576.0
2024-07-03 05:45:15.407000065,tgi_request_input_length_sum,http,10.128.3.52:3000,tgis-bam,fmaas-monitoring,llama3-mig3g,openshift-user-workload-monitoring/user-workload,tgis-bam,9927576.0
2024-07-03 05:45:20.407000065,tgi_request_input_length_sum,http,10.128.3.52:3000,tgis-bam,fmaas-monitoring,llama3-mig3g,openshift-user-workload-monitoring/user-workload,tgis-bam,9927576.0
2024-07-03 05:45:25.407000065,tgi_request_input_length_sum,http,10.128.3.52:3000,tgis-bam,fmaas-monitoring,llama3-mig3g,openshift-user-workload-monitoring/user-workload,tgis-bam,9927576.0
2024-07-03 05:45:30.407000065,tgi_request_input_length_sum,http,10.128.3.52:3000,tgis-bam,fmaas-monitoring,llama3-mig3g,openshift-user-workload-monitoring/user-workload,tgis-bam,9927576.0
2024-07-03 05:45:35.407000065,tgi_request_input_length_sum,http,10.128.3.52:3000,tgis-bam,fmaas-monitoring,llama3-mig3g,openshift-user-workload-monitoring/user-workload,tgis-bam,9927576.0
2024-07-03 05:45:40.407000065,tgi_request_input_length_sum,http,10.128.3.52:3000,tgis-bam,fmaas-monitoring,llama3-mig3g,openshift-user-workload-monitoring/user-workload,tgis-bam,9927576.0
2024-07-03 05:45:45.407000065,tgi_request_input_length_sum,http,10.128.3.52:3000,tgis-bam,fmaas-monitoring,llama3-mig3g,openshift-user-workload-monitoring/user-workload,tgis-bam,9927576.0
2024-07-03 05:45:50.407000065,tgi_request_input_length_sum,http,10.128.3.52:3000,tgis-bam,fmaas-monitoring,llama3-mig3g,openshift-user-workload-monitoring/user-workload,tgis-bam,9927576.0
2024-07-03 05:45:55.407000065,tgi_request_input_length_sum,http,10.128.3.52:3000,tgis-bam,fmaas-monitoring,llama3-mig3g,openshift-user-workload-monitoring/user-workload,tgis-bam,9927576.0
2024-07-03 05:46:00.407000065,tgi_request_input_length_sum,http,10.128.3.52:3000,tgis-bam,fmaas-monitoring,llama3-mig3g,openshift-user-workload-monitoring/user-workload,tgis-bam,9927576.0
2024-07-03 05:46:05.407000065,tgi_request_input_length_sum,http,10.128.3.52:3000,tgis-bam,fmaas-monitoring,llama3-mig3g,openshift-user-workload-monitoring/user-workload,tgis-bam,9927576.0
2024-07-03 05:46:10.407000065,tgi_request_input_length_sum,http,10.128.3.52:3000,tgis-bam,fmaas-monitoring,llama3-mig3g,openshift-user-workload-monitoring/user-workload,tgis-bam,9927576.0
2024-07-03 05:46:15.407000065,tgi_request_input_length_sum,http,10.128.3.52:3000,tgis-bam,fmaas-monitoring,llama3-mig3g,openshift-user-workload-monitoring/user-workload,tgis-bam,9927576.0
2024-07-03 05:46:20.407000065,tgi_request_input_length_sum,http,10.128.3.52:3000,tgis-bam,fmaas-monitoring,llama3-mig3g,openshift-user-workload-monitoring/user-workload,tgis-bam,9927576.0
2024-07-03 05:46:25.407000065,tgi_request_input_length_sum,http,10.128.3.52:3000,tgis-bam,fmaas-monitoring,llama3-mig3g,openshift-user-workload-monitoring/user-workload,tgis-bam,9927576.0
2024-07-03 05:46:30.407000065,tgi_request_input_length_sum,http,10.128.3.52:3000,tgis-bam,fmaas-monitoring,llama3-mig3g,openshift-user-workload-monitoring/user-workload,tgis-bam,9927576.0
2024-07-03 05:46:35.407000065,tgi_request_input_length_sum,http,10.128.3.52:3000,tgis-bam,fmaas-monitoring,llama3-mig3g,openshift-user-workload-monitoring/user-workload,tgis-bam,9927576.0
2024-07-03 05:46:40.407000065,tgi_request_input_length_sum,http,10.128.3.52:3000,tgis-bam,fmaas-monitoring,llama3-mig3g,openshift-user-workload-monitoring/user-workload,tgis-bam,9927576.0
2024-07-03 05:46:45.407000065,tgi_request_input_length_sum,http,10.128.3.52:3000,tgis-bam,fmaas-monitoring,llama3-mig3g,openshift-user-workload-monitoring/user-workload,tgis-bam,9927576.0
2024-07-03 05:46:50.407000065,tgi_request_input_length_sum,http,10.128.3.52:3000,tgis-bam,fmaas-monitoring,llama3-mig3g,openshift-user-workload-monitoring/user-workload,tgis-bam,9927576.0
2024-07-03 05:46:55.407000065,tgi_request_input_length_sum,http,10.128.3.52:3000,tgis-bam,fmaas-monitoring,llama3-mig3g,openshift-user-workload-monitoring/user-workload,tgis-bam,9927576.0
2024-07-03 05:47:00.407000065,tgi_request_input_length_sum,http,10.128.3.52:3000,tgis-bam,fmaas-monitoring,llama3-mig3g,openshift-user-workload-monitoring/user-workload,tgis-bam,9927576.0
2024-07-03 05:47:05.407000065,tgi_request_input_length_sum,http,10.128.3.52:3000,tgis-bam,fmaas-monitoring,llama3-mig3g,openshift-user-workload-monitoring/user-workload,tgis-bam,9927576.0
2024-07-03 05:47:10.407000065,tgi_request_input_length_sum,http,10.128.3.52:3000,tgis-bam,fmaas-monitoring,llama3-mig3g,openshift-user-workload-monitoring/user-workload,tgis-bam,9927576.0
2024-07-03 05:47:15.407000065,tgi_request_input_length_sum,http,10.128.3.52:3000,tgis-bam,fmaas-monitoring,llama3-mig3g,openshift-user-workload-monitoring/user-workload,tgis-bam,9927576.0
2024-07-03 05:47:20.407000065,tgi_request_input_length_sum,http,10.128.3.52:3000,tgis-bam,fmaas-monitoring,llama3-mig3g,openshift-user-workload-monitoring/user-workload,tgis-bam,9927576.0
2024-07-03 05:47:25.407000065,tgi_request_input_length_sum,http,10.128.3.52:3000,tgis-bam,fmaas-monitoring,llama3-mig3g,openshift-user-workload-monitoring/user-workload,tgis-bam,9927576.0
2024-07-03 05:47:30.407000065,tgi_request_input_length_sum,http,10.128.3.52:3000,tgis-bam,fmaas-monitoring,llama3-mig3g,openshift-user-workload-monitoring/user-workload,tgis-bam,9927576.0
2024-07-03 05:47:35.407000065,tgi_request_input_length_sum,http,10.128.3.52:3000,tgis-bam,fmaas-monitoring,llama3-mig3g,openshift-user-workload-monitoring/user-workload,tgis-bam,9927576.0
2024-07-03 05:47:40.407000065,tgi_request_input_length_sum,http,10.128.3.52:3000,tgis-bam,fmaas-monitoring,llama3-mig3g,openshift-user-workload-monitoring/user-workload,tgis-bam,10064200.0
2024-07-03 05:47:45.407000065,tgi_request_input_length_sum,http,10.128.3.52:3000,tgis-bam,fmaas-monitoring,llama3-mig3g,openshift-user-workload-monitoring/user-workload,tgis-bam,10064200.0
2024-07-03 05:47:50.407000065,tgi_request_input_length_sum,http,10.128.3.52:3000,tgis-bam,fmaas-monitoring,llama3-mig3g,openshift-user-workload-monitoring/user-workload,tgis-bam,10064200.0
2024-07-03 05:47:55.407000065,tgi_request_input_length_sum,http,10.128.3.52:3000,tgis-bam,fmaas-monitoring,llama3-mig3g,openshift-user-workload-monitoring/user-workload,tgis-bam,10064200.0
2024-07-03 05:48:00.407000065,tgi_request_input_length_sum,http,10.128.3.52:3000,tgis-bam,fmaas-monitoring,llama3-mig3g,openshift-user-workload-monitoring/user-workload,tgis-bam,10064200.0
2024-07-03 05:48:05.407000065,tgi_request_input_length_sum,http,10.128.3.52:3000,tgis-bam,fmaas-monitoring,llama3-mig3g,openshift-user-workload-monitoring/user-workload,tgis-bam,10064200.0
2024-07-03 05:48:10.407000065,tgi_request_input_length_sum,http,10.128.3.52:3000,tgis-bam,fmaas-monitoring,llama3-mig3g,openshift-user-workload-monitoring/user-workload,tgis-bam,10064200.0
2024-07-03 05:48:15.407000065,tgi_request_input_length_sum,http,10.128.3.52:3000,tgis-bam,fmaas-monitoring,llama3-mig3g,openshift-user-workload-monitoring/user-workload,tgis-bam,10064200.0
2024-07-03 05:48:20.411000013,tgi_request_input_length_sum,http,10.128.3.52:3000,tgis-bam,fmaas-monitoring,llama3-mig3g,openshift-user-workload-monitoring/user-workload,tgis-bam,10064200.0
2024-07-03 05:48:25.407000065,tgi_request_input_length_sum,http,10.128.3.52:3000,tgis-bam,fmaas-monitoring,llama3-mig3g,openshift-user-workload-monitoring/user-workload,tgis-bam,10064200.0
2024-07-03 05:48:30.407000065,tgi_request_input_length_sum,http,10.128.3.52:3000,tgis-bam,fmaas-monitoring,llama3-mig3g,openshift-user-workload-monitoring/user-workload,tgis-bam,10064200.0
2024-07-03 05:48:35.407000065,tgi_request_input_length_sum,http,10.128.3.52:3000,tgis-bam,fmaas-monitoring,llama3-mig3g,openshift-user-workload-monitoring/user-workload,tgis-bam,10064200.0
2024-07-03 05:48:40.407000065,tgi_request_input_length_sum,http,10.128.3.52:3000,tgis-bam,fmaas-monitoring,llama3-mig3g,openshift-user-workload-monitoring/user-workload,tgis-bam,10064200.0
2024-07-03 05:48:45.415999889,tgi_request_input_length_sum,http,10.128.3.52:3000,tgis-bam,fmaas-monitoring,llama3-mig3g,openshift-user-workload-monitoring/user-workload,tgis-bam,10064200.0
2024-07-03 05:48:50.407000065,tgi_request_input_length_sum,http,10.128.3.52:3000,tgis-bam,fmaas-monitoring,llama3-mig3g,openshift-user-workload-monitoring/user-workload,tgis-bam,10064200.0
2024-07-03 05:48:55.407000065,tgi_request_input_length_sum,http,10.128.3.52:3000,tgis-bam,fmaas-monitoring,llama3-mig3g,openshift-user-workload-monitoring/user-workload,tgis-bam,10064200.0
2024-07-03 05:49:00.407000065,tgi_request_input_length_sum,http,10.128.3.52:3000,tgis-bam,fmaas-monitoring,llama3-mig3g,openshift-user-workload-monitoring/user-workload,tgis-bam,10064200.0
2024-07-03 05:49:05.407000065,tgi_request_input_length_sum,http,10.128.3.52:3000,tgis-bam,fmaas-monitoring,llama3-mig3g,openshift-user-workload-monitoring/user-workload,tgis-bam,10064200.0
2024-07-03 05:49:10.407000065,tgi_request_input_length_sum,http,10.128.3.52:3000,tgis-bam,fmaas-monitoring,llama3-mig3g,openshift-user-workload-monitoring/user-workload,tgis-bam,10064200.0
2024-07-03 05:49:15.407000065,tgi_request_input_length_sum,http,10.128.3.52:3000,tgis-bam,fmaas-monitoring,llama3-mig3g,openshift-user-workload-monitoring/user-workload,tgis-bam,10064200.0
2024-07-03 05:49:20.407000065,tgi_request_input_length_sum,http,10.128.3.52:3000,tgis-bam,fmaas-monitoring,llama3-mig3g,openshift-user-workload-monitoring/user-workload,tgis-bam,10064200.0
2024-07-03 05:49:25.407000065,tgi_request_input_length_sum,http,10.128.3.52:3000,tgis-bam,fmaas-monitoring,llama3-mig3g,openshift-user-workload-monitoring/user-workload,tgis-bam,10064200.0
2024-07-03 05:49:30.407000065,tgi_request_input_length_sum,http,10.128.3.52:3000,tgis-bam,fmaas-monitoring,llama3-mig3g,openshift-user-workload-monitoring/user-workload,tgis-bam,10064200.0
2024-07-03 05:49:35.407000065,tgi_request_input_length_sum,http,10.128.3.52:3000,tgis-bam,fmaas-monitoring,llama3-mig3g,openshift-user-workload-monitoring/user-workload,tgis-bam,10064200.0
2024-07-03 05:49:40.407000065,tgi_request_input_length_sum,http,10.128.3.52:3000,tgis-bam,fmaas-monitoring,llama3-mig3g,openshift-user-workload-monitoring/user-workload,tgis-bam,10064200.0
2024-07-03 05:49:45.407000065,tgi_request_input_length_sum,http,10.128.3.52:3000,tgis-bam,fmaas-monitoring,llama3-mig3g,openshift-user-workload-monitoring/user-workload,tgis-bam,10064200.0
2024-07-03 05:49:50.407000065,tgi_request_input_length_sum,http,10.128.3.52:3000,tgis-bam,fmaas-monitoring,llama3-mig3g,openshift-user-workload-monitoring/user-workload,tgis-bam,10064200.0
2024-07-03 05:49:55.407000065,tgi_request_input_length_sum,http,10.128.3.52:3000,tgis-bam,fmaas-monitoring,llama3-mig3g,openshift-user-workload-monitoring/user-workload,tgis-bam,10064200.0
2024-07-03 05:50:00.407000065,tgi_request_input_length_sum,http,10.128.3.52:3000,tgis-bam,fmaas-monitoring,llama3-mig3g,openshift-user-workload-monitoring/user-workload,tgis-bam,10064200.0
2024-07-03 05:50:05.407000065,tgi_request_input_length_sum,http,10.128.3.52:3000,tgis-bam,fmaas-monitoring,llama3-mig3g,openshift-user-workload-monitoring/user-workload,tgis-bam,10064200.0
2024-07-03 05:50:10.407000065,tgi_request_input_length_sum,http,10.128.3.52:3000,tgis-bam,fmaas-monitoring,llama3-mig3g,openshift-user-workload-monitoring/user-workload,tgis-bam,10064200.0
2024-07-03 05:50:15.407000065,tgi_request_input_length_sum,http,10.128.3.52:3000,tgis-bam,fmaas-monitoring,llama3-mig3g,openshift-user-workload-monitoring/user-workload,tgis-bam,10064200.0
2024-07-03 05:50:20.407000065,tgi_request_input_length_sum,http,10.128.3.52:3000,tgis-bam,fmaas-monitoring,llama3-mig3g,openshift-user-workload-monitoring/user-workload,tgis-bam,10064200.0
2024-07-03 05:50:25.407000065,tgi_request_input_length_sum,http,10.128.3.52:3000,tgis-bam,fmaas-monitoring,llama3-mig3g,openshift-user-workload-monitoring/user-workload,tgis-bam,10064200.0
2024-07-03 05:50:30.407000065,tgi_request_input_length_sum,http,10.128.3.52:3000,tgis-bam,fmaas-monitoring,llama3-mig3g,openshift-user-workload-monitoring/user-workload,tgis-bam,10064200.0
2024-07-03 05:50:35.407000065,tgi_request_input_length_sum,http,10.128.3.52:3000,tgis-bam,fmaas-monitoring,llama3-mig3g,openshift-user-workload-monitoring/user-workload,tgis-bam,10064200.0
2024-07-03 05:50:40.407000065,tgi_request_input_length_sum,http,10.128.3.52:3000,tgis-bam,fmaas-monitoring,llama3-mig3g,openshift-user-workload-monitoring/user-workload,tgis-bam,10064200.0
2024-07-03 05:50:45.407000065,tgi_request_input_length_sum,http,10.128.3.52:3000,tgis-bam,fmaas-monitoring,llama3-mig3g,openshift-user-workload-monitoring/user-workload,tgis-bam,10064200.0
2024-07-03 05:50:50.407000065,tgi_request_input_length_sum,http,10.128.3.52:3000,tgis-bam,fmaas-monitoring,llama3-mig3g,openshift-user-workload-monitoring/user-workload,tgis-bam,10064200.0
2024-07-03 05:50:55.407000065,tgi_request_input_length_sum,http,10.128.3.52:3000,tgis-bam,fmaas-monitoring,llama3-mig3g,openshift-user-workload-monitoring/user-workload,tgis-bam,10064200.0
2024-07-03 05:51:00.407000065,tgi_request_input_length_sum,http,10.128.3.52:3000,tgis-bam,fmaas-monitoring,llama3-mig3g,openshift-user-workload-monitoring/user-workload,tgis-bam,10064200.0
2024-07-03 05:51:05.407000065,tgi_request_input_length_sum,http,10.128.3.52:3000,tgis-bam,fmaas-monitoring,llama3-mig3g,openshift-user-workload-monitoring/user-workload,tgis-bam,10064200.0
2024-07-03 05:51:10.407000065,tgi_request_input_length_sum,http,10.128.3.52:3000,tgis-bam,fmaas-monitoring,llama3-mig3g,openshift-user-workload-monitoring/user-workload,tgis-bam,10064200.0
2024-07-03 05:51:15.407000065,tgi_request_input_length_sum,http,10.128.3.52:3000,tgis-bam,fmaas-monitoring,llama3-mig3g,openshift-user-workload-monitoring/user-workload,tgis-bam,10064200.0
2024-07-03 05:51:20.407000065,tgi_request_input_length_sum,http,10.128.3.52:3000,tgis-bam,fmaas-monitoring,llama3-mig3g,openshift-user-workload-monitoring/user-workload,tgis-bam,10064200.0
2024-07-03 05:51:25.407000065,tgi_request_input_length_sum,http,10.128.3.52:3000,tgis-bam,fmaas-monitoring,llama3-mig3g,openshift-user-workload-monitoring/user-workload,tgis-bam,10064200.0
2024-07-03 05:51:30.407000065,tgi_request_input_length_sum,http,10.128.3.52:3000,tgis-bam,fmaas-monitoring,llama3-mig3g,openshift-user-workload-monitoring/user-workload,tgis-bam,10064200.0
2024-07-03 05:51:35.407000065,tgi_request_input_length_sum,http,10.128.3.52:3000,tgis-bam,fmaas-monitoring,llama3-mig3g,openshift-user-workload-monitoring/user-workload,tgis-bam,10064200.0
2024-07-03 05:51:40.407000065,tgi_request_input_length_sum,http,10.128.3.52:3000,tgis-bam,fmaas-monitoring,llama3-mig3g,openshift-user-workload-monitoring/user-workload,tgis-bam,10064200.0
2024-07-03 05:51:45.407000065,tgi_request_input_length_sum,http,10.128.3.52:3000,tgis-bam,fmaas-monitoring,llama3-mig3g,openshift-user-workload-monitoring/user-workload,tgis-bam,10064200.0
2024-07-03 05:51:50.407000065,tgi_request_input_length_sum,http,10.128.3.52:3000,tgis-bam,fmaas-monitoring,llama3-mig3g,openshift-user-workload-monitoring/user-workload,tgis-bam,10064200.0
2024-07-03 05:51:55.407000065,tgi_request_input_length_sum,http,10.128.3.52:3000,tgis-bam,fmaas-monitoring,llama3-mig3g,openshift-user-workload-monitoring/user-workload,tgis-bam,10064200.0
2024-07-03 05:52:00.407000065,tgi_request_input_length_sum,http,10.128.3.52:3000,tgis-bam,fmaas-monitoring,llama3-mig3g,openshift-user-workload-monitoring/user-workload,tgis-bam,10064200.0
2024-07-03 05:52:05.407000065,tgi_request_input_length_sum,http,10.128.3.52:3000,tgis-bam,fmaas-monitoring,llama3-mig3g,openshift-user-workload-monitoring/user-workload,tgis-bam,10064200.0
2024-07-03 05:52:10.407000065,tgi_request_input_length_sum,http,10.128.3.52:3000,tgis-bam,fmaas-monitoring,llama3-mig3g,openshift-user-workload-monitoring/user-workload,tgis-bam,10064200.0
2024-07-03 05:52:15.407000065,tgi_request_input_length_sum,http,10.128.3.52:3000,tgis-bam,fmaas-monitoring,llama3-mig3g,openshift-user-workload-monitoring/user-workload,tgis-bam,10064200.0
2024-07-03 05:52:20.407000065,tgi_request_input_length_sum,http,10.128.3.52:3000,tgis-bam,fmaas-monitoring,llama3-mig3g,openshift-user-workload-monitoring/user-workload,tgis-bam,10064200.0
2024-07-03 05:52:25.407000065,tgi_request_input_length_sum,http,10.128.3.52:3000,tgis-bam,fmaas-monitoring,llama3-mig3g,openshift-user-workload-monitoring/user-workload,tgis-bam,10064200.0
2024-07-03 05:52:30.414999962,tgi_request_input_length_sum,http,10.128.3.52:3000,tgis-bam,fmaas-monitoring,llama3-mig3g,openshift-user-workload-monitoring/user-workload,tgis-bam,10064200.0
2024-07-03 05:52:35.407000065,tgi_request_input_length_sum,http,10.128.3.52:3000,tgis-bam,fmaas-monitoring,llama3-mig3g,openshift-user-workload-monitoring/user-workload,tgis-bam,10064200.0
2024-07-03 05:52:40.407000065,tgi_request_input_length_sum,http,10.128.3.52:3000,tgis-bam,fmaas-monitoring,llama3-mig3g,openshift-user-workload-monitoring/user-workload,tgis-bam,10064200.0
2024-07-03 05:52:45.407000065,tgi_request_input_length_sum,http,10.128.3.52:3000,tgis-bam,fmaas-monitoring,llama3-mig3g,openshift-user-workload-monitoring/user-workload,tgis-bam,10064200.0
2024-07-03 05:52:50.407000065,tgi_request_input_length_sum,http,10.128.3.52:3000,tgis-bam,fmaas-monitoring,llama3-mig3g,openshift-user-workload-monitoring/user-workload,tgis-bam,10064200.0
2024-07-03 05:52:55.407000065,tgi_request_input_length_sum,http,10.128.3.52:3000,tgis-bam,fmaas-monitoring,llama3-mig3g,openshift-user-workload-monitoring/user-workload,tgis-bam,10064200.0
2024-07-03 05:53:00.407000065,tgi_request_input_length_sum,http,10.128.3.52:3000,tgis-bam,fmaas-monitoring,llama3-mig3g,openshift-user-workload-monitoring/user-workload,tgis-bam,10064200.0
2024-07-03 05:53:05.407000065,tgi_request_input_length_sum,http,10.128.3.52:3000,tgis-bam,fmaas-monitoring,llama3-mig3g,openshift-user-workload-monitoring/user-workload,tgis-bam,10064200.0
2024-07-03 05:53:10.407000065,tgi_request_input_length_sum,http,10.128.3.52:3000,tgis-bam,fmaas-monitoring,llama3-mig3g,openshift-user-workload-monitoring/user-workload,tgis-bam,10064200.0
2024-07-03 05:53:15.407000065,tgi_request_input_length_sum,http,10.128.3.52:3000,tgis-bam,fmaas-monitoring,llama3-mig3g,openshift-user-workload-monitoring/user-workload,tgis-bam,10064200.0
2024-07-03 05:53:20.407000065,tgi_request_input_length_sum,http,10.128.3.52:3000,tgis-bam,fmaas-monitoring,llama3-mig3g,openshift-user-workload-monitoring/user-workload,tgis-bam,10064200.0
2024-07-03 05:53:25.407000065,tgi_request_input_length_sum,http,10.128.3.52:3000,tgis-bam,fmaas-monitoring,llama3-mig3g,openshift-user-workload-monitoring/user-workload,tgis-bam,10064200.0
2024-07-03 05:53:30.407000065,tgi_request_input_length_sum,http,10.128.3.52:3000,tgis-bam,fmaas-monitoring,llama3-mig3g,openshift-user-workload-monitoring/user-workload,tgis-bam,10064200.0
2024-07-03 05:53:35.407000065,tgi_request_input_length_sum,http,10.128.3.52:3000,tgis-bam,fmaas-monitoring,llama3-mig3g,openshift-user-workload-monitoring/user-workload,tgis-bam,10064200.0
2024-07-03 05:53:40.424999952,tgi_request_input_length_sum,http,10.128.3.52:3000,tgis-bam,fmaas-monitoring,llama3-mig3g,openshift-user-workload-monitoring/user-workload,tgis-bam,10064200.0
2024-07-03 05:53:45.407000065,tgi_request_input_length_sum,http,10.128.3.52:3000,tgis-bam,fmaas-monitoring,llama3-mig3g,openshift-user-workload-monitoring/user-workload,tgis-bam,10064200.0
2024-07-03 05:53:50.407000065,tgi_request_input_length_sum,http,10.128.3.52:3000,tgis-bam,fmaas-monitoring,llama3-mig3g,openshift-user-workload-monitoring/user-workload,tgis-bam,10064200.0
2024-07-03 05:53:55.407000065,tgi_request_input_length_sum,http,10.128.3.52:3000,tgis-bam,fmaas-monitoring,llama3-mig3g,openshift-user-workload-monitoring/user-workload,tgis-bam,10064200.0
2024-07-03 05:54:00.407000065,tgi_request_input_length_sum,http,10.128.3.52:3000,tgis-bam,fmaas-monitoring,llama3-mig3g,openshift-user-workload-monitoring/user-workload,tgis-bam,10064200.0
2024-07-03 05:54:05.407000065,tgi_request_input_length_sum,http,10.128.3.52:3000,tgis-bam,fmaas-monitoring,llama3-mig3g,openshift-user-workload-monitoring/user-workload,tgis-bam,10064200.0
2024-07-03 05:54:10.407000065,tgi_request_input_length_sum,http,10.128.3.52:3000,tgis-bam,fmaas-monitoring,llama3-mig3g,openshift-user-workload-monitoring/user-workload,tgis-bam,10064200.0
2024-07-03 05:54:15.407000065,tgi_request_input_length_sum,http,10.128.3.52:3000,tgis-bam,fmaas-monitoring,llama3-mig3g,openshift-user-workload-monitoring/user-workload,tgis-bam,10064200.0
2024-07-03 05:54:20.407000065,tgi_request_input_length_sum,http,10.128.3.52:3000,tgis-bam,fmaas-monitoring,llama3-mig3g,openshift-user-workload-monitoring/user-workload,tgis-bam,10064200.0
2024-07-03 05:54:25.407000065,tgi_request_input_length_sum,http,10.128.3.52:3000,tgis-bam,fmaas-monitoring,llama3-mig3g,openshift-user-workload-monitoring/user-workload,tgis-bam,10064200.0
2024-07-03 05:54:30.407000065,tgi_request_input_length_sum,http,10.128.3.52:3000,tgis-bam,fmaas-monitoring,llama3-mig3g,openshift-user-workload-monitoring/user-workload,tgis-bam,10064200.0
2024-07-03 05:54:35.407000065,tgi_request_input_length_sum,http,10.128.3.52:3000,tgis-bam,fmaas-monitoring,llama3-mig3g,openshift-user-workload-monitoring/user-workload,tgis-bam,10357976.0
2024-07-03 05:54:40.407000065,tgi_request_input_length_sum,http,10.128.3.52:3000,tgis-bam,fmaas-monitoring,llama3-mig3g,openshift-user-workload-monitoring/user-workload,tgis-bam,10357976.0
2024-07-03 05:54:45.407000065,tgi_request_input_length_sum,http,10.128.3.52:3000,tgis-bam,fmaas-monitoring,llama3-mig3g,openshift-user-workload-monitoring/user-workload,tgis-bam,10357976.0
2024-07-03 05:54:50.407000065,tgi_request_input_length_sum,http,10.128.3.52:3000,tgis-bam,fmaas-monitoring,llama3-mig3g,openshift-user-workload-monitoring/user-workload,tgis-bam,10357976.0
2024-07-03 05:54:55.407000065,tgi_request_input_length_sum,http,10.128.3.52:3000,tgis-bam,fmaas-monitoring,llama3-mig3g,openshift-user-workload-monitoring/user-workload,tgis-bam,10357976.0
2024-07-03 05:55:00.407000065,tgi_request_input_length_sum,http,10.128.3.52:3000,tgis-bam,fmaas-monitoring,llama3-mig3g,openshift-user-workload-monitoring/user-workload,tgis-bam,10357976.0
2024-07-03 05:55:05.407000065,tgi_request_input_length_sum,http,10.128.3.52:3000,tgis-bam,fmaas-monitoring,llama3-mig3g,openshift-user-workload-monitoring/user-workload,tgis-bam,10357976.0
2024-07-03 05:55:10.407000065,tgi_request_input_length_sum,http,10.128.3.52:3000,tgis-bam,fmaas-monitoring,llama3-mig3g,openshift-user-workload-monitoring/user-workload,tgis-bam,10357976.0
2024-07-03 05:55:15.407000065,tgi_request_input_length_sum,http,10.128.3.52:3000,tgis-bam,fmaas-monitoring,llama3-mig3g,openshift-user-workload-monitoring/user-workload,tgis-bam,10357976.0
2024-07-03 05:55:20.407000065,tgi_request_input_length_sum,http,10.128.3.52:3000,tgis-bam,fmaas-monitoring,llama3-mig3g,openshift-user-workload-monitoring/user-workload,tgis-bam,10357976.0
2024-07-03 05:55:25.407000065,tgi_request_input_length_sum,http,10.128.3.52:3000,tgis-bam,fmaas-monitoring,llama3-mig3g,openshift-user-workload-monitoring/user-workload,tgis-bam,10357976.0
2024-07-03 05:55:30.407000065,tgi_request_input_length_sum,http,10.128.3.52:3000,tgis-bam,fmaas-monitoring,llama3-mig3g,openshift-user-workload-monitoring/user-workload,tgis-bam,10357976.0
2024-07-03 05:55:35.407000065,tgi_request_input_length_sum,http,10.128.3.52:3000,tgis-bam,fmaas-monitoring,llama3-mig3g,openshift-user-workload-monitoring/user-workload,tgis-bam,10357976.0
2024-07-03 05:55:40.407000065,tgi_request_input_length_sum,http,10.128.3.52:3000,tgis-bam,fmaas-monitoring,llama3-mig3g,openshift-user-workload-monitoring/user-workload,tgis-bam,10357976.0
2024-07-03 05:55:45.407000065,tgi_request_input_length_sum,http,10.128.3.52:3000,tgis-bam,fmaas-monitoring,llama3-mig3g,openshift-user-workload-monitoring/user-workload,tgis-bam,10357976.0
2024-07-03 05:55:50.407000065,tgi_request_input_length_sum,http,10.128.3.52:3000,tgis-bam,fmaas-monitoring,llama3-mig3g,openshift-user-workload-monitoring/user-workload,tgis-bam,10357976.0
2024-07-03 05:55:55.407000065,tgi_request_input_length_sum,http,10.128.3.52:3000,tgis-bam,fmaas-monitoring,llama3-mig3g,openshift-user-workload-monitoring/user-workload,tgis-bam,10357976.0
2024-07-03 05:56:00.407000065,tgi_request_input_length_sum,http,10.128.3.52:3000,tgis-bam,fmaas-monitoring,llama3-mig3g,openshift-user-workload-monitoring/user-workload,tgis-bam,10357976.0
2024-07-03 05:56:05.407000065,tgi_request_input_length_sum,http,10.128.3.52:3000,tgis-bam,fmaas-monitoring,llama3-mig3g,openshift-user-workload-monitoring/user-workload,tgis-bam,10357976.0
2024-07-03 05:56:10.407000065,tgi_request_input_length_sum,http,10.128.3.52:3000,tgis-bam,fmaas-monitoring,llama3-mig3g,openshift-user-workload-monitoring/user-workload,tgis-bam,10357976.0
2024-07-03 05:56:15.407000065,tgi_request_input_length_sum,http,10.128.3.52:3000,tgis-bam,fmaas-monitoring,llama3-mig3g,openshift-user-workload-monitoring/user-workload,tgis-bam,10357976.0
2024-07-03 05:56:20.407000065,tgi_request_input_length_sum,http,10.128.3.52:3000,tgis-bam,fmaas-monitoring,llama3-mig3g,openshift-user-workload-monitoring/user-workload,tgis-bam,10357976.0
2024-07-03 05:56:25.407000065,tgi_request_input_length_sum,http,10.128.3.52:3000,tgis-bam,fmaas-monitoring,llama3-mig3g,openshift-user-workload-monitoring/user-workload,tgis-bam,10357976.0
2024-07-03 05:56:30.407000065,tgi_request_input_length_sum,http,10.128.3.52:3000,tgis-bam,fmaas-monitoring,llama3-mig3g,openshift-user-workload-monitoring/user-workload,tgis-bam,10357976.0
2024-07-03 05:56:35.407000065,tgi_request_input_length_sum,http,10.128.3.52:3000,tgis-bam,fmaas-monitoring,llama3-mig3g,openshift-user-workload-monitoring/user-workload,tgis-bam,10357976.0
2024-07-03 05:56:40.407000065,tgi_request_input_length_sum,http,10.128.3.52:3000,tgis-bam,fmaas-monitoring,llama3-mig3g,openshift-user-workload-monitoring/user-workload,tgis-bam,10357976.0
2024-07-03 05:56:45.407000065,tgi_request_input_length_sum,http,10.128.3.52:3000,tgis-bam,fmaas-monitoring,llama3-mig3g,openshift-user-workload-monitoring/user-workload,tgis-bam,10357976.0
2024-07-03 05:56:50.407000065,tgi_request_input_length_sum,http,10.128.3.52:3000,tgis-bam,fmaas-monitoring,llama3-mig3g,openshift-user-workload-monitoring/user-workload,tgis-bam,10357976.0
2024-07-03 05:56:55.407000065,tgi_request_input_length_sum,http,10.128.3.52:3000,tgis-bam,fmaas-monitoring,llama3-mig3g,openshift-user-workload-monitoring/user-workload,tgis-bam,10357976.0
2024-07-03 05:57:00.407000065,tgi_request_input_length_sum,http,10.128.3.52:3000,tgis-bam,fmaas-monitoring,llama3-mig3g,openshift-user-workload-monitoring/user-workload,tgis-bam,10357976.0
2024-07-03 05:57:05.407000065,tgi_request_input_length_sum,http,10.128.3.52:3000,tgis-bam,fmaas-monitoring,llama3-mig3g,openshift-user-workload-monitoring/user-workload,tgis-bam,10357976.0
2024-07-03 05:57:10.407000065,tgi_request_input_length_sum,http,10.128.3.52:3000,tgis-bam,fmaas-monitoring,llama3-mig3g,openshift-user-workload-monitoring/user-workload,tgis-bam,10357976.0
2024-07-03 05:57:15.407000065,tgi_request_input_length_sum,http,10.128.3.52:3000,tgis-bam,fmaas-monitoring,llama3-mig3g,openshift-user-workload-monitoring/user-workload,tgis-bam,10357976.0
2024-07-03 05:57:20.407000065,tgi_request_input_length_sum,http,10.128.3.52:3000,tgis-bam,fmaas-monitoring,llama3-mig3g,openshift-user-workload-monitoring/user-workload,tgis-bam,10357976.0
2024-07-03 05:57:25.407000065,tgi_request_input_length_sum,http,10.128.3.52:3000,tgis-bam,fmaas-monitoring,llama3-mig3g,openshift-user-workload-monitoring/user-workload,tgis-bam,10357976.0
2024-07-03 05:57:30.407000065,tgi_request_input_length_sum,http,10.128.3.52:3000,tgis-bam,fmaas-monitoring,llama3-mig3g,openshift-user-workload-monitoring/user-workload,tgis-bam,10357976.0
2024-07-03 05:57:35.407000065,tgi_request_input_length_sum,http,10.128.3.52:3000,tgis-bam,fmaas-monitoring,llama3-mig3g,openshift-user-workload-monitoring/user-workload,tgis-bam,10357976.0
2024-07-03 05:57:40.407000065,tgi_request_input_length_sum,http,10.128.3.52:3000,tgis-bam,fmaas-monitoring,llama3-mig3g,openshift-user-workload-monitoring/user-workload,tgis-bam,10357976.0
2024-07-03 05:57:45.407000065,tgi_request_input_length_sum,http,10.128.3.52:3000,tgis-bam,fmaas-monitoring,llama3-mig3g,openshift-user-workload-monitoring/user-workload,tgis-bam,10357976.0
2024-07-03 05:57:50.407000065,tgi_request_input_length_sum,http,10.128.3.52:3000,tgis-bam,fmaas-monitoring,llama3-mig3g,openshift-user-workload-monitoring/user-workload,tgis-bam,10357976.0
2024-07-03 05:57:55.407000065,tgi_request_input_length_sum,http,10.128.3.52:3000,tgis-bam,fmaas-monitoring,llama3-mig3g,openshift-user-workload-monitoring/user-workload,tgis-bam,10357976.0
2024-07-03 05:58:00.407000065,tgi_request_input_length_sum,http,10.128.3.52:3000,tgis-bam,fmaas-monitoring,llama3-mig3g,openshift-user-workload-monitoring/user-workload,tgis-bam,10357976.0
2024-07-03 05:58:05.407000065,tgi_request_input_length_sum,http,10.128.3.52:3000,tgis-bam,fmaas-monitoring,llama3-mig3g,openshift-user-workload-monitoring/user-workload,tgis-bam,10357976.0
2024-07-03 05:58:10.407000065,tgi_request_input_length_sum,http,10.128.3.52:3000,tgis-bam,fmaas-monitoring,llama3-mig3g,openshift-user-workload-monitoring/user-workload,tgis-bam,10357976.0
2024-07-03 05:58:15.407000065,tgi_request_input_length_sum,http,10.128.3.52:3000,tgis-bam,fmaas-monitoring,llama3-mig3g,openshift-user-workload-monitoring/user-workload,tgis-bam,10357976.0
2024-07-03 05:58:20.407000065,tgi_request_input_length_sum,http,10.128.3.52:3000,tgis-bam,fmaas-monitoring,llama3-mig3g,openshift-user-workload-monitoring/user-workload,tgis-bam,10357976.0
2024-07-03 05:58:25.407000065,tgi_request_input_length_sum,http,10.128.3.52:3000,tgis-bam,fmaas-monitoring,llama3-mig3g,openshift-user-workload-monitoring/user-workload,tgis-bam,10357976.0
2024-07-03 05:58:30.407000065,tgi_request_input_length_sum,http,10.128.3.52:3000,tgis-bam,fmaas-monitoring,llama3-mig3g,openshift-user-workload-monitoring/user-workload,tgis-bam,10357976.0
2024-07-03 05:58:35.407000065,tgi_request_input_length_sum,http,10.128.3.52:3000,tgis-bam,fmaas-monitoring,llama3-mig3g,openshift-user-workload-monitoring/user-workload,tgis-bam,10357976.0
2024-07-03 05:58:40.407000065,tgi_request_input_length_sum,http,10.128.3.52:3000,tgis-bam,fmaas-monitoring,llama3-mig3g,openshift-user-workload-monitoring/user-workload,tgis-bam,10357976.0
2024-07-03 05:58:45.407000065,tgi_request_input_length_sum,http,10.128.3.52:3000,tgis-bam,fmaas-monitoring,llama3-mig3g,openshift-user-workload-monitoring/user-workload,tgis-bam,10357976.0
2024-07-03 05:58:50.407000065,tgi_request_input_length_sum,http,10.128.3.52:3000,tgis-bam,fmaas-monitoring,llama3-mig3g,openshift-user-workload-monitoring/user-workload,tgis-bam,10357976.0
2024-07-03 05:58:55.407000065,tgi_request_input_length_sum,http,10.128.3.52:3000,tgis-bam,fmaas-monitoring,llama3-mig3g,openshift-user-workload-monitoring/user-workload,tgis-bam,10357976.0
2024-07-03 05:59:00.407000065,tgi_request_input_length_sum,http,10.128.3.52:3000,tgis-bam,fmaas-monitoring,llama3-mig3g,openshift-user-workload-monitoring/user-workload,tgis-bam,10357976.0
2024-07-03 05:59:05.407000065,tgi_request_input_length_sum,http,10.128.3.52:3000,tgis-bam,fmaas-monitoring,llama3-mig3g,openshift-user-workload-monitoring/user-workload,tgis-bam,10357976.0
2024-07-03 05:59:10.407000065,tgi_request_input_length_sum,http,10.128.3.52:3000,tgis-bam,fmaas-monitoring,llama3-mig3g,openshift-user-workload-monitoring/user-workload,tgis-bam,10357976.0
2024-07-03 05:59:15.407000065,tgi_request_input_length_sum,http,10.128.3.52:3000,tgis-bam,fmaas-monitoring,llama3-mig3g,openshift-user-workload-monitoring/user-workload,tgis-bam,10357976.0
2024-07-03 05:59:20.407000065,tgi_request_input_length_sum,http,10.128.3.52:3000,tgis-bam,fmaas-monitoring,llama3-mig3g,openshift-user-workload-monitoring/user-workload,tgis-bam,10357976.0
2024-07-03 05:59:25.407000065,tgi_request_input_length_sum,http,10.128.3.52:3000,tgis-bam,fmaas-monitoring,llama3-mig3g,openshift-user-workload-monitoring/user-workload,tgis-bam,10357976.0
2024-07-03 05:59:30.407000065,tgi_request_input_length_sum,http,10.128.3.52:3000,tgis-bam,fmaas-monitoring,llama3-mig3g,openshift-user-workload-monitoring/user-workload,tgis-bam,10357976.0
2024-07-03 05:59:35.407000065,tgi_request_input_length_sum,http,10.128.3.52:3000,tgis-bam,fmaas-monitoring,llama3-mig3g,openshift-user-workload-monitoring/user-workload,tgis-bam,10357976.0
2024-07-03 05:59:40.407000065,tgi_request_input_length_sum,http,10.128.3.52:3000,tgis-bam,fmaas-monitoring,llama3-mig3g,openshift-user-workload-monitoring/user-workload,tgis-bam,10357976.0
2024-07-03 05:59:45.407000065,tgi_request_input_length_sum,http,10.128.3.52:3000,tgis-bam,fmaas-monitoring,llama3-mig3g,openshift-user-workload-monitoring/user-workload,tgis-bam,10357976.0
2024-07-03 05:59:50.407000065,tgi_request_input_length_sum,http,10.128.3.52:3000,tgis-bam,fmaas-monitoring,llama3-mig3g,openshift-user-workload-monitoring/user-workload,tgis-bam,10357976.0
2024-07-03 05:59:55.407000065,tgi_request_input_length_sum,http,10.128.3.52:3000,tgis-bam,fmaas-monitoring,llama3-mig3g,openshift-user-workload-monitoring/user-workload,tgis-bam,10357976.0
2024-07-03 06:00:00.407000065,tgi_request_input_length_sum,http,10.128.3.52:3000,tgis-bam,fmaas-monitoring,llama3-mig3g,openshift-user-workload-monitoring/user-workload,tgis-bam,10357976.0
2024-07-03 06:00:05.407000065,tgi_request_input_length_sum,http,10.128.3.52:3000,tgis-bam,fmaas-monitoring,llama3-mig3g,openshift-user-workload-monitoring/user-workload,tgis-bam,10357976.0
2024-07-03 06:00:10.407000065,tgi_request_input_length_sum,http,10.128.3.52:3000,tgis-bam,fmaas-monitoring,llama3-mig3g,openshift-user-workload-monitoring/user-workload,tgis-bam,10357976.0
2024-07-03 06:00:15.407000065,tgi_request_input_length_sum,http,10.128.3.52:3000,tgis-bam,fmaas-monitoring,llama3-mig3g,openshift-user-workload-monitoring/user-workload,tgis-bam,10357976.0
2024-07-03 06:00:20.407000065,tgi_request_input_length_sum,http,10.128.3.52:3000,tgis-bam,fmaas-monitoring,llama3-mig3g,openshift-user-workload-monitoring/user-workload,tgis-bam,10357976.0
2024-07-03 06:00:25.407000065,tgi_request_input_length_sum,http,10.128.3.52:3000,tgis-bam,fmaas-monitoring,llama3-mig3g,openshift-user-workload-monitoring/user-workload,tgis-bam,10357976.0
2024-07-03 06:00:30.407000065,tgi_request_input_length_sum,http,10.128.3.52:3000,tgis-bam,fmaas-monitoring,llama3-mig3g,openshift-user-workload-monitoring/user-workload,tgis-bam,10357976.0
2024-07-03 06:00:35.407000065,tgi_request_input_length_sum,http,10.128.3.52:3000,tgis-bam,fmaas-monitoring,llama3-mig3g,openshift-user-workload-monitoring/user-workload,tgis-bam,10357976.0
2024-07-03 06:00:40.407000065,tgi_request_input_length_sum,http,10.128.3.52:3000,tgis-bam,fmaas-monitoring,llama3-mig3g,openshift-user-workload-monitoring/user-workload,tgis-bam,10357976.0
2024-07-03 06:00:45.407000065,tgi_request_input_length_sum,http,10.128.3.52:3000,tgis-bam,fmaas-monitoring,llama3-mig3g,openshift-user-workload-monitoring/user-workload,tgis-bam,10357976.0
2024-07-03 06:00:50.407000065,tgi_request_input_length_sum,http,10.128.3.52:3000,tgis-bam,fmaas-monitoring,llama3-mig3g,openshift-user-workload-monitoring/user-workload,tgis-bam,10357976.0
2024-07-03 06:00:55.407000065,tgi_request_input_length_sum,http,10.128.3.52:3000,tgis-bam,fmaas-monitoring,llama3-mig3g,openshift-user-workload-monitoring/user-workload,tgis-bam,10357976.0
2024-07-03 06:01:00.407000065,tgi_request_input_length_sum,http,10.128.3.52:3000,tgis-bam,fmaas-monitoring,llama3-mig3g,openshift-user-workload-monitoring/user-workload,tgis-bam,10357976.0
2024-07-03 06:01:05.407000065,tgi_request_input_length_sum,http,10.128.3.52:3000,tgis-bam,fmaas-monitoring,llama3-mig3g,openshift-user-workload-monitoring/user-workload,tgis-bam,10357976.0
2024-07-03 06:01:10.407000065,tgi_request_input_length_sum,http,10.128.3.52:3000,tgis-bam,fmaas-monitoring,llama3-mig3g,openshift-user-workload-monitoring/user-workload,tgis-bam,10357976.0
2024-07-03 06:01:15.407000065,tgi_request_input_length_sum,http,10.128.3.52:3000,tgis-bam,fmaas-monitoring,llama3-mig3g,openshift-user-workload-monitoring/user-workload,tgis-bam,10357976.0
2024-07-03 06:01:20.407000065,tgi_request_input_length_sum,http,10.128.3.52:3000,tgis-bam,fmaas-monitoring,llama3-mig3g,openshift-user-workload-monitoring/user-workload,tgis-bam,10357976.0
2024-07-03 06:01:25.407000065,tgi_request_input_length_sum,http,10.128.3.52:3000,tgis-bam,fmaas-monitoring,llama3-mig3g,openshift-user-workload-monitoring/user-workload,tgis-bam,10357976.0
2024-07-03 06:01:30.407000065,tgi_request_input_length_sum,http,10.128.3.52:3000,tgis-bam,fmaas-monitoring,llama3-mig3g,openshift-user-workload-monitoring/user-workload,tgis-bam,10357976.0
2024-07-03 06:01:35.407000065,tgi_request_input_length_sum,http,10.128.3.52:3000,tgis-bam,fmaas-monitoring,llama3-mig3g,openshift-user-workload-monitoring/user-workload,tgis-bam,10357976.0
2024-07-03 06:01:40.407000065,tgi_request_input_length_sum,http,10.128.3.52:3000,tgis-bam,fmaas-monitoring,llama3-mig3g,openshift-user-workload-monitoring/user-workload,tgis-bam,10357976.0
2024-07-03 06:01:45.407000065,tgi_request_input_length_sum,http,10.128.3.52:3000,tgis-bam,fmaas-monitoring,llama3-mig3g,openshift-user-workload-monitoring/user-workload,tgis-bam,10357976.0
2024-07-03 06:01:50.407000065,tgi_request_input_length_sum,http,10.128.3.52:3000,tgis-bam,fmaas-monitoring,llama3-mig3g,openshift-user-workload-monitoring/user-workload,tgis-bam,10357976.0
2024-07-03 06:01:55.407000065,tgi_request_input_length_sum,http,10.128.3.52:3000,tgis-bam,fmaas-monitoring,llama3-mig3g,openshift-user-workload-monitoring/user-workload,tgis-bam,10357976.0
2024-07-03 06:02:00.407000065,tgi_request_input_length_sum,http,10.128.3.52:3000,tgis-bam,fmaas-monitoring,llama3-mig3g,openshift-user-workload-monitoring/user-workload,tgis-bam,10357976.0
2024-07-03 06:02:05.407000065,tgi_request_input_length_sum,http,10.128.3.52:3000,tgis-bam,fmaas-monitoring,llama3-mig3g,openshift-user-workload-monitoring/user-workload,tgis-bam,10357976.0
2024-07-03 06:02:10.407000065,tgi_request_input_length_sum,http,10.128.3.52:3000,tgis-bam,fmaas-monitoring,llama3-mig3g,openshift-user-workload-monitoring/user-workload,tgis-bam,10357976.0
2024-07-03 06:02:15.407000065,tgi_request_input_length_sum,http,10.128.3.52:3000,tgis-bam,fmaas-monitoring,llama3-mig3g,openshift-user-workload-monitoring/user-workload,tgis-bam,10357976.0
2024-07-03 06:02:20.407000065,tgi_request_input_length_sum,http,10.128.3.52:3000,tgis-bam,fmaas-monitoring,llama3-mig3g,openshift-user-workload-monitoring/user-workload,tgis-bam,10357976.0
2024-07-03 06:02:25.407000065,tgi_request_input_length_sum,http,10.128.3.52:3000,tgis-bam,fmaas-monitoring,llama3-mig3g,openshift-user-workload-monitoring/user-workload,tgis-bam,10357976.0
2024-07-03 06:02:30.407000065,tgi_request_input_length_sum,http,10.128.3.52:3000,tgis-bam,fmaas-monitoring,llama3-mig3g,openshift-user-workload-monitoring/user-workload,tgis-bam,10357976.0
2024-07-03 06:02:35.407000065,tgi_request_input_length_sum,http,10.128.3.52:3000,tgis-bam,fmaas-monitoring,llama3-mig3g,openshift-user-workload-monitoring/user-workload,tgis-bam,10357976.0
2024-07-03 06:02:40.407000065,tgi_request_input_length_sum,http,10.128.3.52:3000,tgis-bam,fmaas-monitoring,llama3-mig3g,openshift-user-workload-monitoring/user-workload,tgis-bam,10357976.0
2024-07-03 06:02:45.407000065,tgi_request_input_length_sum,http,10.128.3.52:3000,tgis-bam,fmaas-monitoring,llama3-mig3g,openshift-user-workload-monitoring/user-workload,tgis-bam,10357976.0
2024-07-03 06:02:50.407000065,tgi_request_input_length_sum,http,10.128.3.52:3000,tgis-bam,fmaas-monitoring,llama3-mig3g,openshift-user-workload-monitoring/user-workload,tgis-bam,10357976.0
2024-07-03 06:02:55.421000004,tgi_request_input_length_sum,http,10.128.3.52:3000,tgis-bam,fmaas-monitoring,llama3-mig3g,openshift-user-workload-monitoring/user-workload,tgis-bam,10357976.0
2024-07-03 06:03:00.407000065,tgi_request_input_length_sum,http,10.128.3.52:3000,tgis-bam,fmaas-monitoring,llama3-mig3g,openshift-user-workload-monitoring/user-workload,tgis-bam,10357976.0
2024-07-03 06:03:05.407000065,tgi_request_input_length_sum,http,10.128.3.52:3000,tgis-bam,fmaas-monitoring,llama3-mig3g,openshift-user-workload-monitoring/user-workload,tgis-bam,10357976.0
2024-07-03 06:03:10.407000065,tgi_request_input_length_sum,http,10.128.3.52:3000,tgis-bam,fmaas-monitoring,llama3-mig3g,openshift-user-workload-monitoring/user-workload,tgis-bam,10357976.0
2024-07-03 06:03:15.407000065,tgi_request_input_length_sum,http,10.128.3.52:3000,tgis-bam,fmaas-monitoring,llama3-mig3g,openshift-user-workload-monitoring/user-workload,tgis-bam,10357976.0
2024-07-03 06:03:20.407000065,tgi_request_input_length_sum,http,10.128.3.52:3000,tgis-bam,fmaas-monitoring,llama3-mig3g,openshift-user-workload-monitoring/user-workload,tgis-bam,10357976.0
2024-07-03 06:03:25.407000065,tgi_request_input_length_sum,http,10.128.3.52:3000,tgis-bam,fmaas-monitoring,llama3-mig3g,openshift-user-workload-monitoring/user-workload,tgis-bam,10357976.0
2024-07-03 06:03:30.407000065,tgi_request_input_length_sum,http,10.128.3.52:3000,tgis-bam,fmaas-monitoring,llama3-mig3g,openshift-user-workload-monitoring/user-workload,tgis-bam,10357976.0
2024-07-03 06:03:35.407000065,tgi_request_input_length_sum,http,10.128.3.52:3000,tgis-bam,fmaas-monitoring,llama3-mig3g,openshift-user-workload-monitoring/user-workload,tgis-bam,10357976.0
2024-07-03 06:03:40.407000065,tgi_request_input_length_sum,http,10.128.3.52:3000,tgis-bam,fmaas-monitoring,llama3-mig3g,openshift-user-workload-monitoring/user-workload,tgis-bam,10357976.0
2024-07-03 06:03:45.407000065,tgi_request_input_length_sum,http,10.128.3.52:3000,tgis-bam,fmaas-monitoring,llama3-mig3g,openshift-user-workload-monitoring/user-workload,tgis-bam,10357976.0
2024-07-03 06:03:50.407000065,tgi_request_input_length_sum,http,10.128.3.52:3000,tgis-bam,fmaas-monitoring,llama3-mig3g,openshift-user-workload-monitoring/user-workload,tgis-bam,10357976.0
2024-07-03 06:03:55.407000065,tgi_request_input_length_sum,http,10.128.3.52:3000,tgis-bam,fmaas-monitoring,llama3-mig3g,openshift-user-workload-monitoring/user-workload,tgis-bam,10357976.0
2024-07-03 06:04:00.407000065,tgi_request_input_length_sum,http,10.128.3.52:3000,tgis-bam,fmaas-monitoring,llama3-mig3g,openshift-user-workload-monitoring/user-workload,tgis-bam,10357976.0
2024-07-03 06:04:05.407000065,tgi_request_input_length_sum,http,10.128.3.52:3000,tgis-bam,fmaas-monitoring,llama3-mig3g,openshift-user-workload-monitoring/user-workload,tgis-bam,10357976.0
2024-07-03 06:04:10.407000065,tgi_request_input_length_sum,http,10.128.3.52:3000,tgis-bam,fmaas-monitoring,llama3-mig3g,openshift-user-workload-monitoring/user-workload,tgis-bam,10357976.0
2024-07-03 06:04:15.407000065,tgi_request_input_length_sum,http,10.128.3.52:3000,tgis-bam,fmaas-monitoring,llama3-mig3g,openshift-user-workload-monitoring/user-workload,tgis-bam,10357976.0
2024-07-03 06:04:20.407000065,tgi_request_input_length_sum,http,10.128.3.52:3000,tgis-bam,fmaas-monitoring,llama3-mig3g,openshift-user-workload-monitoring/user-workload,tgis-bam,10357976.0
2024-07-03 06:04:25.407000065,tgi_request_input_length_sum,http,10.128.3.52:3000,tgis-bam,fmaas-monitoring,llama3-mig3g,openshift-user-workload-monitoring/user-workload,tgis-bam,10357976.0
2024-07-03 06:04:30.407000065,tgi_request_input_length_sum,http,10.128.3.52:3000,tgis-bam,fmaas-monitoring,llama3-mig3g,openshift-user-workload-monitoring/user-workload,tgis-bam,10357976.0
2024-07-03 06:04:35.407000065,tgi_request_input_length_sum,http,10.128.3.52:3000,tgis-bam,fmaas-monitoring,llama3-mig3g,openshift-user-workload-monitoring/user-workload,tgis-bam,10357976.0
2024-07-03 06:04:40.407000065,tgi_request_input_length_sum,http,10.128.3.52:3000,tgis-bam,fmaas-monitoring,llama3-mig3g,openshift-user-workload-monitoring/user-workload,tgis-bam,10357976.0
2024-07-03 06:04:45.407000065,tgi_request_input_length_sum,http,10.128.3.52:3000,tgis-bam,fmaas-monitoring,llama3-mig3g,openshift-user-workload-monitoring/user-workload,tgis-bam,10357976.0
2024-07-03 06:04:50.407000065,tgi_request_input_length_sum,http,10.128.3.52:3000,tgis-bam,fmaas-monitoring,llama3-mig3g,openshift-user-workload-monitoring/user-workload,tgis-bam,10357976.0
2024-07-03 06:04:55.407000065,tgi_request_input_length_sum,http,10.128.3.52:3000,tgis-bam,fmaas-monitoring,llama3-mig3g,openshift-user-workload-monitoring/user-workload,tgis-bam,10357976.0
2024-07-03 06:05:00.407000065,tgi_request_input_length_sum,http,10.128.3.52:3000,tgis-bam,fmaas-monitoring,llama3-mig3g,openshift-user-workload-monitoring/user-workload,tgis-bam,10357976.0
2024-07-03 06:05:05.407000065,tgi_request_input_length_sum,http,10.128.3.52:3000,tgis-bam,fmaas-monitoring,llama3-mig3g,openshift-user-workload-monitoring/user-workload,tgis-bam,10357976.0
2024-07-03 06:05:10.407000065,tgi_request_input_length_sum,http,10.128.3.52:3000,tgis-bam,fmaas-monitoring,llama3-mig3g,openshift-user-workload-monitoring/user-workload,tgis-bam,10357976.0
2024-07-03 06:05:15.440999985,tgi_request_input_length_sum,http,10.128.3.52:3000,tgis-bam,fmaas-monitoring,llama3-mig3g,openshift-user-workload-monitoring/user-workload,tgis-bam,10357976.0
2024-07-03 06:05:20.407000065,tgi_request_input_length_sum,http,10.128.3.52:3000,tgis-bam,fmaas-monitoring,llama3-mig3g,openshift-user-workload-monitoring/user-workload,tgis-bam,10357976.0
2024-07-03 06:05:25.407000065,tgi_request_input_length_sum,http,10.128.3.52:3000,tgis-bam,fmaas-monitoring,llama3-mig3g,openshift-user-workload-monitoring/user-workload,tgis-bam,10357976.0
2024-07-03 06:05:30.407000065,tgi_request_input_length_sum,http,10.128.3.52:3000,tgis-bam,fmaas-monitoring,llama3-mig3g,openshift-user-workload-monitoring/user-workload,tgis-bam,10357976.0
2024-07-03 06:05:35.411000013,tgi_request_input_length_sum,http,10.128.3.52:3000,tgis-bam,fmaas-monitoring,llama3-mig3g,openshift-user-workload-monitoring/user-workload,tgis-bam,10357976.0
2024-07-03 06:05:40.407000065,tgi_request_input_length_sum,http,10.128.3.52:3000,tgis-bam,fmaas-monitoring,llama3-mig3g,openshift-user-workload-monitoring/user-workload,tgis-bam,10357976.0
2024-07-03 06:05:45.407000065,tgi_request_input_length_sum,http,10.128.3.52:3000,tgis-bam,fmaas-monitoring,llama3-mig3g,openshift-user-workload-monitoring/user-workload,tgis-bam,10357976.0
2024-07-03 06:05:50.407000065,tgi_request_input_length_sum,http,10.128.3.52:3000,tgis-bam,fmaas-monitoring,llama3-mig3g,openshift-user-workload-monitoring/user-workload,tgis-bam,10357976.0
2024-07-03 06:05:55.407000065,tgi_request_input_length_sum,http,10.128.3.52:3000,tgis-bam,fmaas-monitoring,llama3-mig3g,openshift-user-workload-monitoring/user-workload,tgis-bam,10357976.0
2024-07-03 06:06:00.407000065,tgi_request_input_length_sum,http,10.128.3.52:3000,tgis-bam,fmaas-monitoring,llama3-mig3g,openshift-user-workload-monitoring/user-workload,tgis-bam,10357976.0
2024-07-03 06:06:05.407000065,tgi_request_input_length_sum,http,10.128.3.52:3000,tgis-bam,fmaas-monitoring,llama3-mig3g,openshift-user-workload-monitoring/user-workload,tgis-bam,10357976.0
2024-07-03 06:06:10.407000065,tgi_request_input_length_sum,http,10.128.3.52:3000,tgis-bam,fmaas-monitoring,llama3-mig3g,openshift-user-workload-monitoring/user-workload,tgis-bam,10357976.0
2024-07-03 06:06:15.407000065,tgi_request_input_length_sum,http,10.128.3.52:3000,tgis-bam,fmaas-monitoring,llama3-mig3g,openshift-user-workload-monitoring/user-workload,tgis-bam,10357976.0
2024-07-03 06:06:20.407000065,tgi_request_input_length_sum,http,10.128.3.52:3000,tgis-bam,fmaas-monitoring,llama3-mig3g,openshift-user-workload-monitoring/user-workload,tgis-bam,10357976.0
2024-07-03 06:06:25.407000065,tgi_request_input_length_sum,http,10.128.3.52:3000,tgis-bam,fmaas-monitoring,llama3-mig3g,openshift-user-workload-monitoring/user-workload,tgis-bam,10357976.0
2024-07-03 06:06:30.407000065,tgi_request_input_length_sum,http,10.128.3.52:3000,tgis-bam,fmaas-monitoring,llama3-mig3g,openshift-user-workload-monitoring/user-workload,tgis-bam,10357976.0
2024-07-03 06:06:35.407000065,tgi_request_input_length_sum,http,10.128.3.52:3000,tgis-bam,fmaas-monitoring,llama3-mig3g,openshift-user-workload-monitoring/user-workload,tgis-bam,10357976.0
2024-07-03 06:06:40.407000065,tgi_request_input_length_sum,http,10.128.3.52:3000,tgis-bam,fmaas-monitoring,llama3-mig3g,openshift-user-workload-monitoring/user-workload,tgis-bam,10357976.0
2024-07-03 06:06:45.407000065,tgi_request_input_length_sum,http,10.128.3.52:3000,tgis-bam,fmaas-monitoring,llama3-mig3g,openshift-user-workload-monitoring/user-workload,tgis-bam,10357976.0
2024-07-03 06:06:50.407000065,tgi_request_input_length_sum,http,10.128.3.52:3000,tgis-bam,fmaas-monitoring,llama3-mig3g,openshift-user-workload-monitoring/user-workload,tgis-bam,10357976.0
2024-07-03 06:06:55.407000065,tgi_request_input_length_sum,http,10.128.3.52:3000,tgis-bam,fmaas-monitoring,llama3-mig3g,openshift-user-workload-monitoring/user-workload,tgis-bam,10357976.0
2024-07-03 06:07:00.407000065,tgi_request_input_length_sum,http,10.128.3.52:3000,tgis-bam,fmaas-monitoring,llama3-mig3g,openshift-user-workload-monitoring/user-workload,tgis-bam,10357976.0
2024-07-03 06:07:05.407000065,tgi_request_input_length_sum,http,10.128.3.52:3000,tgis-bam,fmaas-monitoring,llama3-mig3g,openshift-user-workload-monitoring/user-workload,tgis-bam,10357976.0
2024-07-03 06:07:10.407000065,tgi_request_input_length_sum,http,10.128.3.52:3000,tgis-bam,fmaas-monitoring,llama3-mig3g,openshift-user-workload-monitoring/user-workload,tgis-bam,10357976.0
2024-07-03 06:07:15.407000065,tgi_request_input_length_sum,http,10.128.3.52:3000,tgis-bam,fmaas-monitoring,llama3-mig3g,openshift-user-workload-monitoring/user-workload,tgis-bam,10357976.0
2024-07-03 06:07:20.407000065,tgi_request_input_length_sum,http,10.128.3.52:3000,tgis-bam,fmaas-monitoring,llama3-mig3g,openshift-user-workload-monitoring/user-workload,tgis-bam,10357976.0
2024-07-03 06:07:25.407000065,tgi_request_input_length_sum,http,10.128.3.52:3000,tgis-bam,fmaas-monitoring,llama3-mig3g,openshift-user-workload-monitoring/user-workload,tgis-bam,10357976.0
2024-07-03 06:07:30.407000065,tgi_request_input_length_sum,http,10.128.3.52:3000,tgis-bam,fmaas-monitoring,llama3-mig3g,openshift-user-workload-monitoring/user-workload,tgis-bam,10357976.0
2024-07-03 06:07:35.407000065,tgi_request_input_length_sum,http,10.128.3.52:3000,tgis-bam,fmaas-monitoring,llama3-mig3g,openshift-user-workload-monitoring/user-workload,tgis-bam,10357976.0
2024-07-03 06:07:40.407000065,tgi_request_input_length_sum,http,10.128.3.52:3000,tgis-bam,fmaas-monitoring,llama3-mig3g,openshift-user-workload-monitoring/user-workload,tgis-bam,10357976.0
2024-07-03 06:07:45.407000065,tgi_request_input_length_sum,http,10.128.3.52:3000,tgis-bam,fmaas-monitoring,llama3-mig3g,openshift-user-workload-monitoring/user-workload,tgis-bam,10357976.0
2024-07-03 06:07:50.407000065,tgi_request_input_length_sum,http,10.128.3.52:3000,tgis-bam,fmaas-monitoring,llama3-mig3g,openshift-user-workload-monitoring/user-workload,tgis-bam,10626187.0
2024-07-03 06:07:55.407000065,tgi_request_input_length_sum,http,10.128.3.52:3000,tgis-bam,fmaas-monitoring,llama3-mig3g,openshift-user-workload-monitoring/user-workload,tgis-bam,10626187.0
2024-07-03 06:08:00.407000065,tgi_request_input_length_sum,http,10.128.3.52:3000,tgis-bam,fmaas-monitoring,llama3-mig3g,openshift-user-workload-monitoring/user-workload,tgis-bam,10626187.0
2024-07-03 06:08:05.407000065,tgi_request_input_length_sum,http,10.128.3.52:3000,tgis-bam,fmaas-monitoring,llama3-mig3g,openshift-user-workload-monitoring/user-workload,tgis-bam,10626187.0
2024-07-03 06:08:10.407000065,tgi_request_input_length_sum,http,10.128.3.52:3000,tgis-bam,fmaas-monitoring,llama3-mig3g,openshift-user-workload-monitoring/user-workload,tgis-bam,10626187.0
2024-07-03 06:08:15.469000101,tgi_request_input_length_sum,http,10.128.3.52:3000,tgis-bam,fmaas-monitoring,llama3-mig3g,openshift-user-workload-monitoring/user-workload,tgis-bam,10626187.0
2024-07-03 06:08:20.407000065,tgi_request_input_length_sum,http,10.128.3.52:3000,tgis-bam,fmaas-monitoring,llama3-mig3g,openshift-user-workload-monitoring/user-workload,tgis-bam,10626187.0
2024-07-03 06:08:25.407000065,tgi_request_input_length_sum,http,10.128.3.52:3000,tgis-bam,fmaas-monitoring,llama3-mig3g,openshift-user-workload-monitoring/user-workload,tgis-bam,10626187.0
2024-07-03 06:08:30.407000065,tgi_request_input_length_sum,http,10.128.3.52:3000,tgis-bam,fmaas-monitoring,llama3-mig3g,openshift-user-workload-monitoring/user-workload,tgis-bam,10626187.0
2024-07-03 06:08:35.407000065,tgi_request_input_length_sum,http,10.128.3.52:3000,tgis-bam,fmaas-monitoring,llama3-mig3g,openshift-user-workload-monitoring/user-workload,tgis-bam,10626187.0
2024-07-03 06:08:40.407000065,tgi_request_input_length_sum,http,10.128.3.52:3000,tgis-bam,fmaas-monitoring,llama3-mig3g,openshift-user-workload-monitoring/user-workload,tgis-bam,10626187.0
2024-07-03 06:08:45.407000065,tgi_request_input_length_sum,http,10.128.3.52:3000,tgis-bam,fmaas-monitoring,llama3-mig3g,openshift-user-workload-monitoring/user-workload,tgis-bam,10626187.0
2024-07-03 06:08:50.407000065,tgi_request_input_length_sum,http,10.128.3.52:3000,tgis-bam,fmaas-monitoring,llama3-mig3g,openshift-user-workload-monitoring/user-workload,tgis-bam,10626187.0
2024-07-03 06:08:55.407000065,tgi_request_input_length_sum,http,10.128.3.52:3000,tgis-bam,fmaas-monitoring,llama3-mig3g,openshift-user-workload-monitoring/user-workload,tgis-bam,10626187.0
2024-07-03 06:09:00.407000065,tgi_request_input_length_sum,http,10.128.3.52:3000,tgis-bam,fmaas-monitoring,llama3-mig3g,openshift-user-workload-monitoring/user-workload,tgis-bam,10626187.0
2024-07-03 06:09:05.407000065,tgi_request_input_length_sum,http,10.128.3.52:3000,tgis-bam,fmaas-monitoring,llama3-mig3g,openshift-user-workload-monitoring/user-workload,tgis-bam,10626187.0
2024-07-03 06:09:10.407000065,tgi_request_input_length_sum,http,10.128.3.52:3000,tgis-bam,fmaas-monitoring,llama3-mig3g,openshift-user-workload-monitoring/user-workload,tgis-bam,10626187.0
2024-07-03 06:09:15.407000065,tgi_request_input_length_sum,http,10.128.3.52:3000,tgis-bam,fmaas-monitoring,llama3-mig3g,openshift-user-workload-monitoring/user-workload,tgis-bam,10626187.0
2024-07-03 06:09:20.407000065,tgi_request_input_length_sum,http,10.128.3.52:3000,tgis-bam,fmaas-monitoring,llama3-mig3g,openshift-user-workload-monitoring/user-workload,tgis-bam,10626187.0
2024-07-03 06:09:25.407000065,tgi_request_input_length_sum,http,10.128.3.52:3000,tgis-bam,fmaas-monitoring,llama3-mig3g,openshift-user-workload-monitoring/user-workload,tgis-bam,10626187.0
2024-07-03 06:09:30.407000065,tgi_request_input_length_sum,http,10.128.3.52:3000,tgis-bam,fmaas-monitoring,llama3-mig3g,openshift-user-workload-monitoring/user-workload,tgis-bam,10626187.0
2024-07-03 06:09:35.407000065,tgi_request_input_length_sum,http,10.128.3.52:3000,tgis-bam,fmaas-monitoring,llama3-mig3g,openshift-user-workload-monitoring/user-workload,tgis-bam,10626187.0
2024-07-03 06:09:40.407000065,tgi_request_input_length_sum,http,10.128.3.52:3000,tgis-bam,fmaas-monitoring,llama3-mig3g,openshift-user-workload-monitoring/user-workload,tgis-bam,10626187.0
2024-07-03 06:09:45.407000065,tgi_request_input_length_sum,http,10.128.3.52:3000,tgis-bam,fmaas-monitoring,llama3-mig3g,openshift-user-workload-monitoring/user-workload,tgis-bam,10626187.0
2024-07-03 06:09:50.407000065,tgi_request_input_length_sum,http,10.128.3.52:3000,tgis-bam,fmaas-monitoring,llama3-mig3g,openshift-user-workload-monitoring/user-workload,tgis-bam,10626187.0
2024-07-03 06:09:55.407000065,tgi_request_input_length_sum,http,10.128.3.52:3000,tgis-bam,fmaas-monitoring,llama3-mig3g,openshift-user-workload-monitoring/user-workload,tgis-bam,10626187.0
2024-07-03 06:10:00.407000065,tgi_request_input_length_sum,http,10.128.3.52:3000,tgis-bam,fmaas-monitoring,llama3-mig3g,openshift-user-workload-monitoring/user-workload,tgis-bam,10626187.0
2024-07-03 06:10:05.407000065,tgi_request_input_length_sum,http,10.128.3.52:3000,tgis-bam,fmaas-monitoring,llama3-mig3g,openshift-user-workload-monitoring/user-workload,tgis-bam,10626187.0
2024-07-03 06:10:10.407000065,tgi_request_input_length_sum,http,10.128.3.52:3000,tgis-bam,fmaas-monitoring,llama3-mig3g,openshift-user-workload-monitoring/user-workload,tgis-bam,10626187.0
2024-07-03 06:10:15.407000065,tgi_request_input_length_sum,http,10.128.3.52:3000,tgis-bam,fmaas-monitoring,llama3-mig3g,openshift-user-workload-monitoring/user-workload,tgis-bam,10626187.0
2024-07-03 06:10:20.407000065,tgi_request_input_length_sum,http,10.128.3.52:3000,tgis-bam,fmaas-monitoring,llama3-mig3g,openshift-user-workload-monitoring/user-workload,tgis-bam,10626187.0
2024-07-03 06:10:25.407000065,tgi_request_input_length_sum,http,10.128.3.52:3000,tgis-bam,fmaas-monitoring,llama3-mig3g,openshift-user-workload-monitoring/user-workload,tgis-bam,10626187.0
2024-07-03 06:10:30.407000065,tgi_request_input_length_sum,http,10.128.3.52:3000,tgis-bam,fmaas-monitoring,llama3-mig3g,openshift-user-workload-monitoring/user-workload,tgis-bam,10626187.0
2024-07-03 06:10:35.407000065,tgi_request_input_length_sum,http,10.128.3.52:3000,tgis-bam,fmaas-monitoring,llama3-mig3g,openshift-user-workload-monitoring/user-workload,tgis-bam,10626187.0
2024-07-03 06:10:40.407000065,tgi_request_input_length_sum,http,10.128.3.52:3000,tgis-bam,fmaas-monitoring,llama3-mig3g,openshift-user-workload-monitoring/user-workload,tgis-bam,10626187.0
2024-07-03 06:10:45.407000065,tgi_request_input_length_sum,http,10.128.3.52:3000,tgis-bam,fmaas-monitoring,llama3-mig3g,openshift-user-workload-monitoring/user-workload,tgis-bam,10626187.0
2024-07-03 06:10:50.407000065,tgi_request_input_length_sum,http,10.128.3.52:3000,tgis-bam,fmaas-monitoring,llama3-mig3g,openshift-user-workload-monitoring/user-workload,tgis-bam,10626187.0
2024-07-03 06:10:55.407000065,tgi_request_input_length_sum,http,10.128.3.52:3000,tgis-bam,fmaas-monitoring,llama3-mig3g,openshift-user-workload-monitoring/user-workload,tgis-bam,10626187.0
2024-07-03 06:11:00.407000065,tgi_request_input_length_sum,http,10.128.3.52:3000,tgis-bam,fmaas-monitoring,llama3-mig3g,openshift-user-workload-monitoring/user-workload,tgis-bam,10626187.0
2024-07-03 06:11:05.407000065,tgi_request_input_length_sum,http,10.128.3.52:3000,tgis-bam,fmaas-monitoring,llama3-mig3g,openshift-user-workload-monitoring/user-workload,tgis-bam,10626187.0
2024-07-03 06:11:10.407000065,tgi_request_input_length_sum,http,10.128.3.52:3000,tgis-bam,fmaas-monitoring,llama3-mig3g,openshift-user-workload-monitoring/user-workload,tgis-bam,10626187.0
2024-07-03 06:11:15.407000065,tgi_request_input_length_sum,http,10.128.3.52:3000,tgis-bam,fmaas-monitoring,llama3-mig3g,openshift-user-workload-monitoring/user-workload,tgis-bam,10626187.0
2024-07-03 06:11:20.407000065,tgi_request_input_length_sum,http,10.128.3.52:3000,tgis-bam,fmaas-monitoring,llama3-mig3g,openshift-user-workload-monitoring/user-workload,tgis-bam,10626187.0
2024-07-03 06:11:25.407000065,tgi_request_input_length_sum,http,10.128.3.52:3000,tgis-bam,fmaas-monitoring,llama3-mig3g,openshift-user-workload-monitoring/user-workload,tgis-bam,10626187.0
2024-07-03 06:11:30.407000065,tgi_request_input_length_sum,http,10.128.3.52:3000,tgis-bam,fmaas-monitoring,llama3-mig3g,openshift-user-workload-monitoring/user-workload,tgis-bam,10626187.0
2024-07-03 06:11:35.407000065,tgi_request_input_length_sum,http,10.128.3.52:3000,tgis-bam,fmaas-monitoring,llama3-mig3g,openshift-user-workload-monitoring/user-workload,tgis-bam,10626187.0
2024-07-03 06:11:40.407000065,tgi_request_input_length_sum,http,10.128.3.52:3000,tgis-bam,fmaas-monitoring,llama3-mig3g,openshift-user-workload-monitoring/user-workload,tgis-bam,10626187.0
2024-07-03 06:11:45.407000065,tgi_request_input_length_sum,http,10.128.3.52:3000,tgis-bam,fmaas-monitoring,llama3-mig3g,openshift-user-workload-monitoring/user-workload,tgis-bam,10626187.0
2024-07-03 06:11:50.407000065,tgi_request_input_length_sum,http,10.128.3.52:3000,tgis-bam,fmaas-monitoring,llama3-mig3g,openshift-user-workload-monitoring/user-workload,tgis-bam,10626187.0
2024-07-03 06:11:55.407000065,tgi_request_input_length_sum,http,10.128.3.52:3000,tgis-bam,fmaas-monitoring,llama3-mig3g,openshift-user-workload-monitoring/user-workload,tgis-bam,10626187.0
2024-07-03 06:12:00.407000065,tgi_request_input_length_sum,http,10.128.3.52:3000,tgis-bam,fmaas-monitoring,llama3-mig3g,openshift-user-workload-monitoring/user-workload,tgis-bam,10626187.0
2024-07-03 06:12:05.407000065,tgi_request_input_length_sum,http,10.128.3.52:3000,tgis-bam,fmaas-monitoring,llama3-mig3g,openshift-user-workload-monitoring/user-workload,tgis-bam,10626187.0
2024-07-03 06:12:10.407000065,tgi_request_input_length_sum,http,10.128.3.52:3000,tgis-bam,fmaas-monitoring,llama3-mig3g,openshift-user-workload-monitoring/user-workload,tgis-bam,10626187.0
2024-07-03 06:12:15.417999983,tgi_request_input_length_sum,http,10.128.3.52:3000,tgis-bam,fmaas-monitoring,llama3-mig3g,openshift-user-workload-monitoring/user-workload,tgis-bam,10626187.0
2024-07-03 06:12:20.407000065,tgi_request_input_length_sum,http,10.128.3.52:3000,tgis-bam,fmaas-monitoring,llama3-mig3g,openshift-user-workload-monitoring/user-workload,tgis-bam,10626187.0
2024-07-03 06:12:25.407000065,tgi_request_input_length_sum,http,10.128.3.52:3000,tgis-bam,fmaas-monitoring,llama3-mig3g,openshift-user-workload-monitoring/user-workload,tgis-bam,10626187.0
2024-07-03 06:12:30.407000065,tgi_request_input_length_sum,http,10.128.3.52:3000,tgis-bam,fmaas-monitoring,llama3-mig3g,openshift-user-workload-monitoring/user-workload,tgis-bam,10626187.0
2024-07-03 06:12:35.407000065,tgi_request_input_length_sum,http,10.128.3.52:3000,tgis-bam,fmaas-monitoring,llama3-mig3g,openshift-user-workload-monitoring/user-workload,tgis-bam,10626187.0
2024-07-03 06:12:40.407000065,tgi_request_input_length_sum,http,10.128.3.52:3000,tgis-bam,fmaas-monitoring,llama3-mig3g,openshift-user-workload-monitoring/user-workload,tgis-bam,10626187.0
2024-07-03 06:12:45.407000065,tgi_request_input_length_sum,http,10.128.3.52:3000,tgis-bam,fmaas-monitoring,llama3-mig3g,openshift-user-workload-monitoring/user-workload,tgis-bam,10626187.0
2024-07-03 06:12:50.407000065,tgi_request_input_length_sum,http,10.128.3.52:3000,tgis-bam,fmaas-monitoring,llama3-mig3g,openshift-user-workload-monitoring/user-workload,tgis-bam,10626187.0
2024-07-03 06:12:55.407000065,tgi_request_input_length_sum,http,10.128.3.52:3000,tgis-bam,fmaas-monitoring,llama3-mig3g,openshift-user-workload-monitoring/user-workload,tgis-bam,10626187.0
2024-07-03 06:13:00.407000065,tgi_request_input_length_sum,http,10.128.3.52:3000,tgis-bam,fmaas-monitoring,llama3-mig3g,openshift-user-workload-monitoring/user-workload,tgis-bam,10626187.0
2024-07-03 06:13:05.407000065,tgi_request_input_length_sum,http,10.128.3.52:3000,tgis-bam,fmaas-monitoring,llama3-mig3g,openshift-user-workload-monitoring/user-workload,tgis-bam,10626187.0
2024-07-03 06:13:10.407000065,tgi_request_input_length_sum,http,10.128.3.52:3000,tgis-bam,fmaas-monitoring,llama3-mig3g,openshift-user-workload-monitoring/user-workload,tgis-bam,10626187.0
2024-07-03 06:13:15.407000065,tgi_request_input_length_sum,http,10.128.3.52:3000,tgis-bam,fmaas-monitoring,llama3-mig3g,openshift-user-workload-monitoring/user-workload,tgis-bam,10626187.0
2024-07-03 06:13:20.407000065,tgi_request_input_length_sum,http,10.128.3.52:3000,tgis-bam,fmaas-monitoring,llama3-mig3g,openshift-user-workload-monitoring/user-workload,tgis-bam,10626187.0
2024-07-03 06:13:25.407000065,tgi_request_input_length_sum,http,10.128.3.52:3000,tgis-bam,fmaas-monitoring,llama3-mig3g,openshift-user-workload-monitoring/user-workload,tgis-bam,10626187.0
2024-07-03 06:13:30.407000065,tgi_request_input_length_sum,http,10.128.3.52:3000,tgis-bam,fmaas-monitoring,llama3-mig3g,openshift-user-workload-monitoring/user-workload,tgis-bam,10626187.0
2024-07-03 06:13:35.407000065,tgi_request_input_length_sum,http,10.128.3.52:3000,tgis-bam,fmaas-monitoring,llama3-mig3g,openshift-user-workload-monitoring/user-workload,tgis-bam,10626187.0
2024-07-03 06:13:40.407000065,tgi_request_input_length_sum,http,10.128.3.52:3000,tgis-bam,fmaas-monitoring,llama3-mig3g,openshift-user-workload-monitoring/user-workload,tgis-bam,10626187.0
2024-07-03 06:13:45.407000065,tgi_request_input_length_sum,http,10.128.3.52:3000,tgis-bam,fmaas-monitoring,llama3-mig3g,openshift-user-workload-monitoring/user-workload,tgis-bam,10626187.0
2024-07-03 06:13:50.407000065,tgi_request_input_length_sum,http,10.128.3.52:3000,tgis-bam,fmaas-monitoring,llama3-mig3g,openshift-user-workload-monitoring/user-workload,tgis-bam,10626187.0
2024-07-03 06:13:55.407000065,tgi_request_input_length_sum,http,10.128.3.52:3000,tgis-bam,fmaas-monitoring,llama3-mig3g,openshift-user-workload-monitoring/user-workload,tgis-bam,10626187.0
2024-07-03 06:14:00.407000065,tgi_request_input_length_sum,http,10.128.3.52:3000,tgis-bam,fmaas-monitoring,llama3-mig3g,openshift-user-workload-monitoring/user-workload,tgis-bam,10626187.0
2024-07-03 06:14:05.407000065,tgi_request_input_length_sum,http,10.128.3.52:3000,tgis-bam,fmaas-monitoring,llama3-mig3g,openshift-user-workload-monitoring/user-workload,tgis-bam,10626187.0
2024-07-03 06:14:10.407000065,tgi_request_input_length_sum,http,10.128.3.52:3000,tgis-bam,fmaas-monitoring,llama3-mig3g,openshift-user-workload-monitoring/user-workload,tgis-bam,10626187.0
2024-07-03 06:14:15.407000065,tgi_request_input_length_sum,http,10.128.3.52:3000,tgis-bam,fmaas-monitoring,llama3-mig3g,openshift-user-workload-monitoring/user-workload,tgis-bam,10626187.0
2024-07-03 06:14:20.407000065,tgi_request_input_length_sum,http,10.128.3.52:3000,tgis-bam,fmaas-monitoring,llama3-mig3g,openshift-user-workload-monitoring/user-workload,tgis-bam,10626187.0
2024-07-03 06:14:25.408999920,tgi_request_input_length_sum,http,10.128.3.52:3000,tgis-bam,fmaas-monitoring,llama3-mig3g,openshift-user-workload-monitoring/user-workload,tgis-bam,10626187.0
2024-07-03 06:14:30.407000065,tgi_request_input_length_sum,http,10.128.3.52:3000,tgis-bam,fmaas-monitoring,llama3-mig3g,openshift-user-workload-monitoring/user-workload,tgis-bam,10626187.0
2024-07-03 06:14:35.407000065,tgi_request_input_length_sum,http,10.128.3.52:3000,tgis-bam,fmaas-monitoring,llama3-mig3g,openshift-user-workload-monitoring/user-workload,tgis-bam,10626187.0
2024-07-03 06:14:40.407000065,tgi_request_input_length_sum,http,10.128.3.52:3000,tgis-bam,fmaas-monitoring,llama3-mig3g,openshift-user-workload-monitoring/user-workload,tgis-bam,10626187.0
2024-07-03 06:14:45.407000065,tgi_request_input_length_sum,http,10.128.3.52:3000,tgis-bam,fmaas-monitoring,llama3-mig3g,openshift-user-workload-monitoring/user-workload,tgis-bam,10626187.0
2024-07-03 06:14:50.407000065,tgi_request_input_length_sum,http,10.128.3.52:3000,tgis-bam,fmaas-monitoring,llama3-mig3g,openshift-user-workload-monitoring/user-workload,tgis-bam,10626187.0
2024-07-03 06:14:55.407000065,tgi_request_input_length_sum,http,10.128.3.52:3000,tgis-bam,fmaas-monitoring,llama3-mig3g,openshift-user-workload-monitoring/user-workload,tgis-bam,10626187.0
2024-07-03 06:15:00.407000065,tgi_request_input_length_sum,http,10.128.3.52:3000,tgis-bam,fmaas-monitoring,llama3-mig3g,openshift-user-workload-monitoring/user-workload,tgis-bam,10626187.0
2024-07-03 06:15:05.407000065,tgi_request_input_length_sum,http,10.128.3.52:3000,tgis-bam,fmaas-monitoring,llama3-mig3g,openshift-user-workload-monitoring/user-workload,tgis-bam,10626187.0
2024-07-03 06:15:10.407000065,tgi_request_input_length_sum,http,10.128.3.52:3000,tgis-bam,fmaas-monitoring,llama3-mig3g,openshift-user-workload-monitoring/user-workload,tgis-bam,10626187.0
2024-07-03 06:15:15.407000065,tgi_request_input_length_sum,http,10.128.3.52:3000,tgis-bam,fmaas-monitoring,llama3-mig3g,openshift-user-workload-monitoring/user-workload,tgis-bam,10626187.0
2024-07-03 06:15:20.407000065,tgi_request_input_length_sum,http,10.128.3.52:3000,tgis-bam,fmaas-monitoring,llama3-mig3g,openshift-user-workload-monitoring/user-workload,tgis-bam,10626187.0
2024-07-03 06:15:25.407000065,tgi_request_input_length_sum,http,10.128.3.52:3000,tgis-bam,fmaas-monitoring,llama3-mig3g,openshift-user-workload-monitoring/user-workload,tgis-bam,10626187.0
2024-07-03 06:15:30.407000065,tgi_request_input_length_sum,http,10.128.3.52:3000,tgis-bam,fmaas-monitoring,llama3-mig3g,openshift-user-workload-monitoring/user-workload,tgis-bam,10626187.0
2024-07-03 06:15:35.407000065,tgi_request_input_length_sum,http,10.128.3.52:3000,tgis-bam,fmaas-monitoring,llama3-mig3g,openshift-user-workload-monitoring/user-workload,tgis-bam,10626187.0
2024-07-03 06:15:40.407000065,tgi_request_input_length_sum,http,10.128.3.52:3000,tgis-bam,fmaas-monitoring,llama3-mig3g,openshift-user-workload-monitoring/user-workload,tgis-bam,10626187.0
2024-07-03 06:15:45.418999910,tgi_request_input_length_sum,http,10.128.3.52:3000,tgis-bam,fmaas-monitoring,llama3-mig3g,openshift-user-workload-monitoring/user-workload,tgis-bam,10626187.0
2024-07-03 06:15:50.407000065,tgi_request_input_length_sum,http,10.128.3.52:3000,tgis-bam,fmaas-monitoring,llama3-mig3g,openshift-user-workload-monitoring/user-workload,tgis-bam,10626187.0
2024-07-03 06:15:55.407000065,tgi_request_input_length_sum,http,10.128.3.52:3000,tgis-bam,fmaas-monitoring,llama3-mig3g,openshift-user-workload-monitoring/user-workload,tgis-bam,10626187.0
2024-07-03 06:16:00.407000065,tgi_request_input_length_sum,http,10.128.3.52:3000,tgis-bam,fmaas-monitoring,llama3-mig3g,openshift-user-workload-monitoring/user-workload,tgis-bam,10626187.0
2024-07-03 06:16:05.407000065,tgi_request_input_length_sum,http,10.128.3.52:3000,tgis-bam,fmaas-monitoring,llama3-mig3g,openshift-user-workload-monitoring/user-workload,tgis-bam,10626187.0
2024-07-03 06:16:10.424999952,tgi_request_input_length_sum,http,10.128.3.52:3000,tgis-bam,fmaas-monitoring,llama3-mig3g,openshift-user-workload-monitoring/user-workload,tgis-bam,10626187.0
2024-07-03 06:16:15.407000065,tgi_request_input_length_sum,http,10.128.3.52:3000,tgis-bam,fmaas-monitoring,llama3-mig3g,openshift-user-workload-monitoring/user-workload,tgis-bam,10626187.0
2024-07-03 06:16:20.407000065,tgi_request_input_length_sum,http,10.128.3.52:3000,tgis-bam,fmaas-monitoring,llama3-mig3g,openshift-user-workload-monitoring/user-workload,tgis-bam,10626187.0
2024-07-03 06:16:25.407000065,tgi_request_input_length_sum,http,10.128.3.52:3000,tgis-bam,fmaas-monitoring,llama3-mig3g,openshift-user-workload-monitoring/user-workload,tgis-bam,10626187.0
2024-07-03 06:16:30.407000065,tgi_request_input_length_sum,http,10.128.3.52:3000,tgis-bam,fmaas-monitoring,llama3-mig3g,openshift-user-workload-monitoring/user-workload,tgis-bam,10626187.0
2024-07-03 06:16:35.407000065,tgi_request_input_length_sum,http,10.128.3.52:3000,tgis-bam,fmaas-monitoring,llama3-mig3g,openshift-user-workload-monitoring/user-workload,tgis-bam,10626187.0
2024-07-03 06:16:40.407000065,tgi_request_input_length_sum,http,10.128.3.52:3000,tgis-bam,fmaas-monitoring,llama3-mig3g,openshift-user-workload-monitoring/user-workload,tgis-bam,10626187.0
2024-07-03 06:16:45.407000065,tgi_request_input_length_sum,http,10.128.3.52:3000,tgis-bam,fmaas-monitoring,llama3-mig3g,openshift-user-workload-monitoring/user-workload,tgis-bam,10626187.0
2024-07-03 06:16:50.407000065,tgi_request_input_length_sum,http,10.128.3.52:3000,tgis-bam,fmaas-monitoring,llama3-mig3g,openshift-user-workload-monitoring/user-workload,tgis-bam,10626187.0
2024-07-03 06:16:55.407000065,tgi_request_input_length_sum,http,10.128.3.52:3000,tgis-bam,fmaas-monitoring,llama3-mig3g,openshift-user-workload-monitoring/user-workload,tgis-bam,10626187.0
2024-07-03 06:17:00.407000065,tgi_request_input_length_sum,http,10.128.3.52:3000,tgis-bam,fmaas-monitoring,llama3-mig3g,openshift-user-workload-monitoring/user-workload,tgis-bam,10626187.0
2024-07-03 06:17:05.407000065,tgi_request_input_length_sum,http,10.128.3.52:3000,tgis-bam,fmaas-monitoring,llama3-mig3g,openshift-user-workload-monitoring/user-workload,tgis-bam,10626187.0
2024-07-03 06:17:10.407000065,tgi_request_input_length_sum,http,10.128.3.52:3000,tgis-bam,fmaas-monitoring,llama3-mig3g,openshift-user-workload-monitoring/user-workload,tgis-bam,10626187.0
2024-07-03 06:17:15.407000065,tgi_request_input_length_sum,http,10.128.3.52:3000,tgis-bam,fmaas-monitoring,llama3-mig3g,openshift-user-workload-monitoring/user-workload,tgis-bam,10626187.0
2024-07-03 06:17:20.407000065,tgi_request_input_length_sum,http,10.128.3.52:3000,tgis-bam,fmaas-monitoring,llama3-mig3g,openshift-user-workload-monitoring/user-workload,tgis-bam,10626187.0
2024-07-03 06:17:25.407000065,tgi_request_input_length_sum,http,10.128.3.52:3000,tgis-bam,fmaas-monitoring,llama3-mig3g,openshift-user-workload-monitoring/user-workload,tgis-bam,10626187.0
2024-07-03 06:17:30.407000065,tgi_request_input_length_sum,http,10.128.3.52:3000,tgis-bam,fmaas-monitoring,llama3-mig3g,openshift-user-workload-monitoring/user-workload,tgis-bam,10626187.0
2024-07-03 06:17:35.407000065,tgi_request_input_length_sum,http,10.128.3.52:3000,tgis-bam,fmaas-monitoring,llama3-mig3g,openshift-user-workload-monitoring/user-workload,tgis-bam,10626187.0
2024-07-03 06:17:40.407000065,tgi_request_input_length_sum,http,10.128.3.52:3000,tgis-bam,fmaas-monitoring,llama3-mig3g,openshift-user-workload-monitoring/user-workload,tgis-bam,10626187.0
2024-07-03 06:17:45.407000065,tgi_request_input_length_sum,http,10.128.3.52:3000,tgis-bam,fmaas-monitoring,llama3-mig3g,openshift-user-workload-monitoring/user-workload,tgis-bam,10626187.0
2024-07-03 06:17:50.407000065,tgi_request_input_length_sum,http,10.128.3.52:3000,tgis-bam,fmaas-monitoring,llama3-mig3g,openshift-user-workload-monitoring/user-workload,tgis-bam,10626187.0
2024-07-03 06:17:55.407000065,tgi_request_input_length_sum,http,10.128.3.52:3000,tgis-bam,fmaas-monitoring,llama3-mig3g,openshift-user-workload-monitoring/user-workload,tgis-bam,10626187.0
2024-07-03 06:18:00.407000065,tgi_request_input_length_sum,http,10.128.3.52:3000,tgis-bam,fmaas-monitoring,llama3-mig3g,openshift-user-workload-monitoring/user-workload,tgis-bam,10626187.0
2024-07-03 06:18:05.407000065,tgi_request_input_length_sum,http,10.128.3.52:3000,tgis-bam,fmaas-monitoring,llama3-mig3g,openshift-user-workload-monitoring/user-workload,tgis-bam,10626187.0
2024-07-03 06:18:10.407000065,tgi_request_input_length_sum,http,10.128.3.52:3000,tgis-bam,fmaas-monitoring,llama3-mig3g,openshift-user-workload-monitoring/user-workload,tgis-bam,10626187.0
2024-07-03 06:18:15.407000065,tgi_request_input_length_sum,http,10.128.3.52:3000,tgis-bam,fmaas-monitoring,llama3-mig3g,openshift-user-workload-monitoring/user-workload,tgis-bam,10626187.0
2024-07-03 06:18:20.407000065,tgi_request_input_length_sum,http,10.128.3.52:3000,tgis-bam,fmaas-monitoring,llama3-mig3g,openshift-user-workload-monitoring/user-workload,tgis-bam,10626187.0
2024-07-03 06:18:25.407000065,tgi_request_input_length_sum,http,10.128.3.52:3000,tgis-bam,fmaas-monitoring,llama3-mig3g,openshift-user-workload-monitoring/user-workload,tgis-bam,10626187.0
2024-07-03 06:18:30.407000065,tgi_request_input_length_sum,http,10.128.3.52:3000,tgis-bam,fmaas-monitoring,llama3-mig3g,openshift-user-workload-monitoring/user-workload,tgis-bam,10626187.0
2024-07-03 06:18:35.407000065,tgi_request_input_length_sum,http,10.128.3.52:3000,tgis-bam,fmaas-monitoring,llama3-mig3g,openshift-user-workload-monitoring/user-workload,tgis-bam,10626187.0
2024-07-03 06:18:40.407000065,tgi_request_input_length_sum,http,10.128.3.52:3000,tgis-bam,fmaas-monitoring,llama3-mig3g,openshift-user-workload-monitoring/user-workload,tgis-bam,10626187.0
2024-07-03 06:18:45.407000065,tgi_request_input_length_sum,http,10.128.3.52:3000,tgis-bam,fmaas-monitoring,llama3-mig3g,openshift-user-workload-monitoring/user-workload,tgis-bam,10626187.0
2024-07-03 06:18:50.407000065,tgi_request_input_length_sum,http,10.128.3.52:3000,tgis-bam,fmaas-monitoring,llama3-mig3g,openshift-user-workload-monitoring/user-workload,tgis-bam,10626187.0
2024-07-03 06:18:55.407000065,tgi_request_input_length_sum,http,10.128.3.52:3000,tgis-bam,fmaas-monitoring,llama3-mig3g,openshift-user-workload-monitoring/user-workload,tgis-bam,10626187.0
2024-07-03 06:19:00.407000065,tgi_request_input_length_sum,http,10.128.3.52:3000,tgis-bam,fmaas-monitoring,llama3-mig3g,openshift-user-workload-monitoring/user-workload,tgis-bam,10626187.0
2024-07-03 06:19:05.407000065,tgi_request_input_length_sum,http,10.128.3.52:3000,tgis-bam,fmaas-monitoring,llama3-mig3g,openshift-user-workload-monitoring/user-workload,tgis-bam,10868623.0
2024-07-03 06:19:10.407000065,tgi_request_input_length_sum,http,10.128.3.52:3000,tgis-bam,fmaas-monitoring,llama3-mig3g,openshift-user-workload-monitoring/user-workload,tgis-bam,10868623.0
2024-07-03 06:19:15.407000065,tgi_request_input_length_sum,http,10.128.3.52:3000,tgis-bam,fmaas-monitoring,llama3-mig3g,openshift-user-workload-monitoring/user-workload,tgis-bam,10868623.0
2024-07-03 06:19:20.407000065,tgi_request_input_length_sum,http,10.128.3.52:3000,tgis-bam,fmaas-monitoring,llama3-mig3g,openshift-user-workload-monitoring/user-workload,tgis-bam,10868623.0
2024-07-03 06:19:25.407000065,tgi_request_input_length_sum,http,10.128.3.52:3000,tgis-bam,fmaas-monitoring,llama3-mig3g,openshift-user-workload-monitoring/user-workload,tgis-bam,10868623.0
2024-07-03 06:19:30.407000065,tgi_request_input_length_sum,http,10.128.3.52:3000,tgis-bam,fmaas-monitoring,llama3-mig3g,openshift-user-workload-monitoring/user-workload,tgis-bam,10868623.0
2024-07-03 06:19:35.407000065,tgi_request_input_length_sum,http,10.128.3.52:3000,tgis-bam,fmaas-monitoring,llama3-mig3g,openshift-user-workload-monitoring/user-workload,tgis-bam,10868623.0
2024-07-03 06:19:40.407000065,tgi_request_input_length_sum,http,10.128.3.52:3000,tgis-bam,fmaas-monitoring,llama3-mig3g,openshift-user-workload-monitoring/user-workload,tgis-bam,10868623.0
2024-07-03 06:19:45.407000065,tgi_request_input_length_sum,http,10.128.3.52:3000,tgis-bam,fmaas-monitoring,llama3-mig3g,openshift-user-workload-monitoring/user-workload,tgis-bam,10868623.0
2024-07-03 06:19:50.407000065,tgi_request_input_length_sum,http,10.128.3.52:3000,tgis-bam,fmaas-monitoring,llama3-mig3g,openshift-user-workload-monitoring/user-workload,tgis-bam,10868623.0
2024-07-03 06:19:55.407000065,tgi_request_input_length_sum,http,10.128.3.52:3000,tgis-bam,fmaas-monitoring,llama3-mig3g,openshift-user-workload-monitoring/user-workload,tgis-bam,10868623.0
2024-07-03 06:20:00.407000065,tgi_request_input_length_sum,http,10.128.3.52:3000,tgis-bam,fmaas-monitoring,llama3-mig3g,openshift-user-workload-monitoring/user-workload,tgis-bam,10868623.0
2024-07-03 06:20:05.407000065,tgi_request_input_length_sum,http,10.128.3.52:3000,tgis-bam,fmaas-monitoring,llama3-mig3g,openshift-user-workload-monitoring/user-workload,tgis-bam,10868623.0
2024-07-03 06:20:10.410000086,tgi_request_input_length_sum,http,10.128.3.52:3000,tgis-bam,fmaas-monitoring,llama3-mig3g,openshift-user-workload-monitoring/user-workload,tgis-bam,10868623.0
2024-07-03 06:20:15.407000065,tgi_request_input_length_sum,http,10.128.3.52:3000,tgis-bam,fmaas-monitoring,llama3-mig3g,openshift-user-workload-monitoring/user-workload,tgis-bam,10868623.0
2024-07-03 06:20:20.407000065,tgi_request_input_length_sum,http,10.128.3.52:3000,tgis-bam,fmaas-monitoring,llama3-mig3g,openshift-user-workload-monitoring/user-workload,tgis-bam,10868623.0
2024-07-03 06:20:25.407000065,tgi_request_input_length_sum,http,10.128.3.52:3000,tgis-bam,fmaas-monitoring,llama3-mig3g,openshift-user-workload-monitoring/user-workload,tgis-bam,10868623.0
2024-07-03 06:20:30.407000065,tgi_request_input_length_sum,http,10.128.3.52:3000,tgis-bam,fmaas-monitoring,llama3-mig3g,openshift-user-workload-monitoring/user-workload,tgis-bam,10868623.0
2024-07-03 06:20:35.407000065,tgi_request_input_length_sum,http,10.128.3.52:3000,tgis-bam,fmaas-monitoring,llama3-mig3g,openshift-user-workload-monitoring/user-workload,tgis-bam,10868623.0
2024-07-03 06:20:40.407000065,tgi_request_input_length_sum,http,10.128.3.52:3000,tgis-bam,fmaas-monitoring,llama3-mig3g,openshift-user-workload-monitoring/user-workload,tgis-bam,10868623.0
2024-07-03 06:20:45.407000065,tgi_request_input_length_sum,http,10.128.3.52:3000,tgis-bam,fmaas-monitoring,llama3-mig3g,openshift-user-workload-monitoring/user-workload,tgis-bam,10868623.0
2024-07-03 06:20:50.407000065,tgi_request_input_length_sum,http,10.128.3.52:3000,tgis-bam,fmaas-monitoring,llama3-mig3g,openshift-user-workload-monitoring/user-workload,tgis-bam,10868623.0
2024-07-03 06:20:55.407000065,tgi_request_input_length_sum,http,10.128.3.52:3000,tgis-bam,fmaas-monitoring,llama3-mig3g,openshift-user-workload-monitoring/user-workload,tgis-bam,10868623.0
2024-07-03 06:21:00.407000065,tgi_request_input_length_sum,http,10.128.3.52:3000,tgis-bam,fmaas-monitoring,llama3-mig3g,openshift-user-workload-monitoring/user-workload,tgis-bam,10868623.0
2024-07-03 06:21:05.407000065,tgi_request_input_length_sum,http,10.128.3.52:3000,tgis-bam,fmaas-monitoring,llama3-mig3g,openshift-user-workload-monitoring/user-workload,tgis-bam,10868623.0
2024-07-03 06:21:10.407000065,tgi_request_input_length_sum,http,10.128.3.52:3000,tgis-bam,fmaas-monitoring,llama3-mig3g,openshift-user-workload-monitoring/user-workload,tgis-bam,10868623.0
2024-07-03 06:21:15.407000065,tgi_request_input_length_sum,http,10.128.3.52:3000,tgis-bam,fmaas-monitoring,llama3-mig3g,openshift-user-workload-monitoring/user-workload,tgis-bam,10868623.0
2024-07-03 06:21:20.407000065,tgi_request_input_length_sum,http,10.128.3.52:3000,tgis-bam,fmaas-monitoring,llama3-mig3g,openshift-user-workload-monitoring/user-workload,tgis-bam,10868623.0
2024-07-03 06:21:25.545000076,tgi_request_input_length_sum,http,10.128.3.52:3000,tgis-bam,fmaas-monitoring,llama3-mig3g,openshift-user-workload-monitoring/user-workload,tgis-bam,10868623.0
2024-07-03 06:21:30.430999994,tgi_request_input_length_sum,http,10.128.3.52:3000,tgis-bam,fmaas-monitoring,llama3-mig3g,openshift-user-workload-monitoring/user-workload,tgis-bam,10868623.0
2024-07-03 06:21:35.407000065,tgi_request_input_length_sum,http,10.128.3.52:3000,tgis-bam,fmaas-monitoring,llama3-mig3g,openshift-user-workload-monitoring/user-workload,tgis-bam,10868623.0
2024-07-03 06:21:40.407000065,tgi_request_input_length_sum,http,10.128.3.52:3000,tgis-bam,fmaas-monitoring,llama3-mig3g,openshift-user-workload-monitoring/user-workload,tgis-bam,10868623.0
2024-07-03 06:21:45.407000065,tgi_request_input_length_sum,http,10.128.3.52:3000,tgis-bam,fmaas-monitoring,llama3-mig3g,openshift-user-workload-monitoring/user-workload,tgis-bam,10868623.0
2024-07-03 06:21:50.408999920,tgi_request_input_length_sum,http,10.128.3.52:3000,tgis-bam,fmaas-monitoring,llama3-mig3g,openshift-user-workload-monitoring/user-workload,tgis-bam,10868623.0
2024-07-03 06:21:55.407000065,tgi_request_input_length_sum,http,10.128.3.52:3000,tgis-bam,fmaas-monitoring,llama3-mig3g,openshift-user-workload-monitoring/user-workload,tgis-bam,10868623.0
2024-07-03 06:22:00.407000065,tgi_request_input_length_sum,http,10.128.3.52:3000,tgis-bam,fmaas-monitoring,llama3-mig3g,openshift-user-workload-monitoring/user-workload,tgis-bam,10868623.0
2024-07-03 06:22:05.407000065,tgi_request_input_length_sum,http,10.128.3.52:3000,tgis-bam,fmaas-monitoring,llama3-mig3g,openshift-user-workload-monitoring/user-workload,tgis-bam,10868623.0
2024-07-03 06:22:10.407000065,tgi_request_input_length_sum,http,10.128.3.52:3000,tgis-bam,fmaas-monitoring,llama3-mig3g,openshift-user-workload-monitoring/user-workload,tgis-bam,10868623.0
2024-07-03 06:22:15.407000065,tgi_request_input_length_sum,http,10.128.3.52:3000,tgis-bam,fmaas-monitoring,llama3-mig3g,openshift-user-workload-monitoring/user-workload,tgis-bam,10868623.0
2024-07-03 06:22:20.407000065,tgi_request_input_length_sum,http,10.128.3.52:3000,tgis-bam,fmaas-monitoring,llama3-mig3g,openshift-user-workload-monitoring/user-workload,tgis-bam,10868623.0
2024-07-03 06:22:25.407000065,tgi_request_input_length_sum,http,10.128.3.52:3000,tgis-bam,fmaas-monitoring,llama3-mig3g,openshift-user-workload-monitoring/user-workload,tgis-bam,10868623.0
2024-07-03 06:22:30.407000065,tgi_request_input_length_sum,http,10.128.3.52:3000,tgis-bam,fmaas-monitoring,llama3-mig3g,openshift-user-workload-monitoring/user-workload,tgis-bam,10868623.0
2024-07-03 06:22:35.407000065,tgi_request_input_length_sum,http,10.128.3.52:3000,tgis-bam,fmaas-monitoring,llama3-mig3g,openshift-user-workload-monitoring/user-workload,tgis-bam,10868623.0
2024-07-03 06:22:40.407000065,tgi_request_input_length_sum,http,10.128.3.52:3000,tgis-bam,fmaas-monitoring,llama3-mig3g,openshift-user-workload-monitoring/user-workload,tgis-bam,10868623.0
2024-07-03 06:22:45.407000065,tgi_request_input_length_sum,http,10.128.3.52:3000,tgis-bam,fmaas-monitoring,llama3-mig3g,openshift-user-workload-monitoring/user-workload,tgis-bam,10868623.0
2024-07-03 06:22:50.407000065,tgi_request_input_length_sum,http,10.128.3.52:3000,tgis-bam,fmaas-monitoring,llama3-mig3g,openshift-user-workload-monitoring/user-workload,tgis-bam,10868623.0
2024-07-03 06:22:55.407000065,tgi_request_input_length_sum,http,10.128.3.52:3000,tgis-bam,fmaas-monitoring,llama3-mig3g,openshift-user-workload-monitoring/user-workload,tgis-bam,10868623.0
2024-07-03 06:23:00.407000065,tgi_request_input_length_sum,http,10.128.3.52:3000,tgis-bam,fmaas-monitoring,llama3-mig3g,openshift-user-workload-monitoring/user-workload,tgis-bam,10868623.0
2024-07-03 06:23:05.407000065,tgi_request_input_length_sum,http,10.128.3.52:3000,tgis-bam,fmaas-monitoring,llama3-mig3g,openshift-user-workload-monitoring/user-workload,tgis-bam,10868623.0
2024-07-03 06:23:10.407000065,tgi_request_input_length_sum,http,10.128.3.52:3000,tgis-bam,fmaas-monitoring,llama3-mig3g,openshift-user-workload-monitoring/user-workload,tgis-bam,10868623.0
2024-07-03 06:23:15.407000065,tgi_request_input_length_sum,http,10.128.3.52:3000,tgis-bam,fmaas-monitoring,llama3-mig3g,openshift-user-workload-monitoring/user-workload,tgis-bam,10868623.0
2024-07-03 06:23:20.407000065,tgi_request_input_length_sum,http,10.128.3.52:3000,tgis-bam,fmaas-monitoring,llama3-mig3g,openshift-user-workload-monitoring/user-workload,tgis-bam,10868623.0
2024-07-03 06:23:25.407000065,tgi_request_input_length_sum,http,10.128.3.52:3000,tgis-bam,fmaas-monitoring,llama3-mig3g,openshift-user-workload-monitoring/user-workload,tgis-bam,10868623.0
2024-07-03 06:23:30.407000065,tgi_request_input_length_sum,http,10.128.3.52:3000,tgis-bam,fmaas-monitoring,llama3-mig3g,openshift-user-workload-monitoring/user-workload,tgis-bam,10868623.0
2024-07-03 06:23:35.407000065,tgi_request_input_length_sum,http,10.128.3.52:3000,tgis-bam,fmaas-monitoring,llama3-mig3g,openshift-user-workload-monitoring/user-workload,tgis-bam,10868623.0
2024-07-03 06:23:40.407000065,tgi_request_input_length_sum,http,10.128.3.52:3000,tgis-bam,fmaas-monitoring,llama3-mig3g,openshift-user-workload-monitoring/user-workload,tgis-bam,10868623.0
2024-07-03 06:23:45.407000065,tgi_request_input_length_sum,http,10.128.3.52:3000,tgis-bam,fmaas-monitoring,llama3-mig3g,openshift-user-workload-monitoring/user-workload,tgis-bam,10868623.0
2024-07-03 06:23:50.407000065,tgi_request_input_length_sum,http,10.128.3.52:3000,tgis-bam,fmaas-monitoring,llama3-mig3g,openshift-user-workload-monitoring/user-workload,tgis-bam,10868623.0
2024-07-03 06:23:55.407000065,tgi_request_input_length_sum,http,10.128.3.52:3000,tgis-bam,fmaas-monitoring,llama3-mig3g,openshift-user-workload-monitoring/user-workload,tgis-bam,10868623.0
2024-07-03 06:24:00.407000065,tgi_request_input_length_sum,http,10.128.3.52:3000,tgis-bam,fmaas-monitoring,llama3-mig3g,openshift-user-workload-monitoring/user-workload,tgis-bam,10868623.0
2024-07-03 06:24:05.407000065,tgi_request_input_length_sum,http,10.128.3.52:3000,tgis-bam,fmaas-monitoring,llama3-mig3g,openshift-user-workload-monitoring/user-workload,tgis-bam,10868623.0
2024-07-03 06:24:10.407000065,tgi_request_input_length_sum,http,10.128.3.52:3000,tgis-bam,fmaas-monitoring,llama3-mig3g,openshift-user-workload-monitoring/user-workload,tgis-bam,10868623.0
2024-07-03 06:24:15.407000065,tgi_request_input_length_sum,http,10.128.3.52:3000,tgis-bam,fmaas-monitoring,llama3-mig3g,openshift-user-workload-monitoring/user-workload,tgis-bam,10868623.0
2024-07-03 06:24:20.407000065,tgi_request_input_length_sum,http,10.128.3.52:3000,tgis-bam,fmaas-monitoring,llama3-mig3g,openshift-user-workload-monitoring/user-workload,tgis-bam,10868623.0
2024-07-03 06:24:25.407000065,tgi_request_input_length_sum,http,10.128.3.52:3000,tgis-bam,fmaas-monitoring,llama3-mig3g,openshift-user-workload-monitoring/user-workload,tgis-bam,10868623.0
2024-07-03 06:24:30.407000065,tgi_request_input_length_sum,http,10.128.3.52:3000,tgis-bam,fmaas-monitoring,llama3-mig3g,openshift-user-workload-monitoring/user-workload,tgis-bam,10868623.0
2024-07-03 06:24:35.407000065,tgi_request_input_length_sum,http,10.128.3.52:3000,tgis-bam,fmaas-monitoring,llama3-mig3g,openshift-user-workload-monitoring/user-workload,tgis-bam,10868623.0
2024-07-03 06:24:40.407000065,tgi_request_input_length_sum,http,10.128.3.52:3000,tgis-bam,fmaas-monitoring,llama3-mig3g,openshift-user-workload-monitoring/user-workload,tgis-bam,10868623.0
2024-07-03 06:24:45.407000065,tgi_request_input_length_sum,http,10.128.3.52:3000,tgis-bam,fmaas-monitoring,llama3-mig3g,openshift-user-workload-monitoring/user-workload,tgis-bam,10868623.0
2024-07-03 06:24:50.407000065,tgi_request_input_length_sum,http,10.128.3.52:3000,tgis-bam,fmaas-monitoring,llama3-mig3g,openshift-user-workload-monitoring/user-workload,tgis-bam,10868623.0
2024-07-03 06:24:55.407000065,tgi_request_input_length_sum,http,10.128.3.52:3000,tgis-bam,fmaas-monitoring,llama3-mig3g,openshift-user-workload-monitoring/user-workload,tgis-bam,10868623.0
2024-07-03 06:25:00.407000065,tgi_request_input_length_sum,http,10.128.3.52:3000,tgis-bam,fmaas-monitoring,llama3-mig3g,openshift-user-workload-monitoring/user-workload,tgis-bam,10868623.0
2024-07-03 06:25:05.407000065,tgi_request_input_length_sum,http,10.128.3.52:3000,tgis-bam,fmaas-monitoring,llama3-mig3g,openshift-user-workload-monitoring/user-workload,tgis-bam,10868623.0
2024-07-03 06:25:10.407000065,tgi_request_input_length_sum,http,10.128.3.52:3000,tgis-bam,fmaas-monitoring,llama3-mig3g,openshift-user-workload-monitoring/user-workload,tgis-bam,10868623.0
2024-07-03 06:25:15.407000065,tgi_request_input_length_sum,http,10.128.3.52:3000,tgis-bam,fmaas-monitoring,llama3-mig3g,openshift-user-workload-monitoring/user-workload,tgis-bam,10868623.0
2024-07-03 06:25:20.407000065,tgi_request_input_length_sum,http,10.128.3.52:3000,tgis-bam,fmaas-monitoring,llama3-mig3g,openshift-user-workload-monitoring/user-workload,tgis-bam,10868623.0
2024-07-03 06:25:25.407000065,tgi_request_input_length_sum,http,10.128.3.52:3000,tgis-bam,fmaas-monitoring,llama3-mig3g,openshift-user-workload-monitoring/user-workload,tgis-bam,10868623.0
2024-07-03 06:25:30.407000065,tgi_request_input_length_sum,http,10.128.3.52:3000,tgis-bam,fmaas-monitoring,llama3-mig3g,openshift-user-workload-monitoring/user-workload,tgis-bam,10868623.0
2024-07-03 06:25:35.407000065,tgi_request_input_length_sum,http,10.128.3.52:3000,tgis-bam,fmaas-monitoring,llama3-mig3g,openshift-user-workload-monitoring/user-workload,tgis-bam,10868623.0
2024-07-03 06:25:40.407000065,tgi_request_input_length_sum,http,10.128.3.52:3000,tgis-bam,fmaas-monitoring,llama3-mig3g,openshift-user-workload-monitoring/user-workload,tgis-bam,10868623.0
2024-07-03 06:25:45.407000065,tgi_request_input_length_sum,http,10.128.3.52:3000,tgis-bam,fmaas-monitoring,llama3-mig3g,openshift-user-workload-monitoring/user-workload,tgis-bam,10868623.0
2024-07-03 06:25:50.407000065,tgi_request_input_length_sum,http,10.128.3.52:3000,tgis-bam,fmaas-monitoring,llama3-mig3g,openshift-user-workload-monitoring/user-workload,tgis-bam,10868623.0
2024-07-03 06:25:55.407000065,tgi_request_input_length_sum,http,10.128.3.52:3000,tgis-bam,fmaas-monitoring,llama3-mig3g,openshift-user-workload-monitoring/user-workload,tgis-bam,10868623.0
2024-07-03 06:26:00.407000065,tgi_request_input_length_sum,http,10.128.3.52:3000,tgis-bam,fmaas-monitoring,llama3-mig3g,openshift-user-workload-monitoring/user-workload,tgis-bam,10868623.0
2024-07-03 06:26:05.407000065,tgi_request_input_length_sum,http,10.128.3.52:3000,tgis-bam,fmaas-monitoring,llama3-mig3g,openshift-user-workload-monitoring/user-workload,tgis-bam,10868623.0
2024-07-03 06:26:10.407000065,tgi_request_input_length_sum,http,10.128.3.52:3000,tgis-bam,fmaas-monitoring,llama3-mig3g,openshift-user-workload-monitoring/user-workload,tgis-bam,10868623.0
2024-07-03 06:26:15.407000065,tgi_request_input_length_sum,http,10.128.3.52:3000,tgis-bam,fmaas-monitoring,llama3-mig3g,openshift-user-workload-monitoring/user-workload,tgis-bam,10868623.0
2024-07-03 06:26:20.407000065,tgi_request_input_length_sum,http,10.128.3.52:3000,tgis-bam,fmaas-monitoring,llama3-mig3g,openshift-user-workload-monitoring/user-workload,tgis-bam,10868623.0
2024-07-03 06:26:25.407000065,tgi_request_input_length_sum,http,10.128.3.52:3000,tgis-bam,fmaas-monitoring,llama3-mig3g,openshift-user-workload-monitoring/user-workload,tgis-bam,10868623.0
2024-07-03 06:26:30.407000065,tgi_request_input_length_sum,http,10.128.3.52:3000,tgis-bam,fmaas-monitoring,llama3-mig3g,openshift-user-workload-monitoring/user-workload,tgis-bam,10868623.0
2024-07-03 06:26:35.407000065,tgi_request_input_length_sum,http,10.128.3.52:3000,tgis-bam,fmaas-monitoring,llama3-mig3g,openshift-user-workload-monitoring/user-workload,tgis-bam,10868623.0
2024-07-03 06:26:40.407000065,tgi_request_input_length_sum,http,10.128.3.52:3000,tgis-bam,fmaas-monitoring,llama3-mig3g,openshift-user-workload-monitoring/user-workload,tgis-bam,10868623.0
2024-07-03 06:26:45.407000065,tgi_request_input_length_sum,http,10.128.3.52:3000,tgis-bam,fmaas-monitoring,llama3-mig3g,openshift-user-workload-monitoring/user-workload,tgis-bam,10868623.0
2024-07-03 06:26:50.407000065,tgi_request_input_length_sum,http,10.128.3.52:3000,tgis-bam,fmaas-monitoring,llama3-mig3g,openshift-user-workload-monitoring/user-workload,tgis-bam,10868623.0
2024-07-03 06:26:55.407000065,tgi_request_input_length_sum,http,10.128.3.52:3000,tgis-bam,fmaas-monitoring,llama3-mig3g,openshift-user-workload-monitoring/user-workload,tgis-bam,10868623.0
2024-07-03 06:27:00.407000065,tgi_request_input_length_sum,http,10.128.3.52:3000,tgis-bam,fmaas-monitoring,llama3-mig3g,openshift-user-workload-monitoring/user-workload,tgis-bam,10868623.0
2024-07-03 06:27:05.407000065,tgi_request_input_length_sum,http,10.128.3.52:3000,tgis-bam,fmaas-monitoring,llama3-mig3g,openshift-user-workload-monitoring/user-workload,tgis-bam,10868623.0
2024-07-03 06:27:10.407000065,tgi_request_input_length_sum,http,10.128.3.52:3000,tgis-bam,fmaas-monitoring,llama3-mig3g,openshift-user-workload-monitoring/user-workload,tgis-bam,10868623.0
2024-07-03 06:27:15.407000065,tgi_request_input_length_sum,http,10.128.3.52:3000,tgis-bam,fmaas-monitoring,llama3-mig3g,openshift-user-workload-monitoring/user-workload,tgis-bam,10868623.0
2024-07-03 06:27:20.407000065,tgi_request_input_length_sum,http,10.128.3.52:3000,tgis-bam,fmaas-monitoring,llama3-mig3g,openshift-user-workload-monitoring/user-workload,tgis-bam,10868623.0
2024-07-03 06:27:25.407000065,tgi_request_input_length_sum,http,10.128.3.52:3000,tgis-bam,fmaas-monitoring,llama3-mig3g,openshift-user-workload-monitoring/user-workload,tgis-bam,10868623.0
2024-07-03 06:27:30.407000065,tgi_request_input_length_sum,http,10.128.3.52:3000,tgis-bam,fmaas-monitoring,llama3-mig3g,openshift-user-workload-monitoring/user-workload,tgis-bam,10868623.0
2024-07-03 06:27:35.407000065,tgi_request_input_length_sum,http,10.128.3.52:3000,tgis-bam,fmaas-monitoring,llama3-mig3g,openshift-user-workload-monitoring/user-workload,tgis-bam,10868623.0
2024-07-03 06:27:40.407000065,tgi_request_input_length_sum,http,10.128.3.52:3000,tgis-bam,fmaas-monitoring,llama3-mig3g,openshift-user-workload-monitoring/user-workload,tgis-bam,10868623.0
2024-07-03 06:27:45.407000065,tgi_request_input_length_sum,http,10.128.3.52:3000,tgis-bam,fmaas-monitoring,llama3-mig3g,openshift-user-workload-monitoring/user-workload,tgis-bam,10868623.0
2024-07-03 06:27:50.407000065,tgi_request_input_length_sum,http,10.128.3.52:3000,tgis-bam,fmaas-monitoring,llama3-mig3g,openshift-user-workload-monitoring/user-workload,tgis-bam,10868623.0
2024-07-03 06:27:55.407000065,tgi_request_input_length_sum,http,10.128.3.52:3000,tgis-bam,fmaas-monitoring,llama3-mig3g,openshift-user-workload-monitoring/user-workload,tgis-bam,10868623.0
2024-07-03 06:28:00.407000065,tgi_request_input_length_sum,http,10.128.3.52:3000,tgis-bam,fmaas-monitoring,llama3-mig3g,openshift-user-workload-monitoring/user-workload,tgis-bam,10868623.0
2024-07-03 06:28:05.407000065,tgi_request_input_length_sum,http,10.128.3.52:3000,tgis-bam,fmaas-monitoring,llama3-mig3g,openshift-user-workload-monitoring/user-workload,tgis-bam,10868623.0
2024-07-03 06:28:10.407000065,tgi_request_input_length_sum,http,10.128.3.52:3000,tgis-bam,fmaas-monitoring,llama3-mig3g,openshift-user-workload-monitoring/user-workload,tgis-bam,10868623.0
2024-07-03 06:28:15.407000065,tgi_request_input_length_sum,http,10.128.3.52:3000,tgis-bam,fmaas-monitoring,llama3-mig3g,openshift-user-workload-monitoring/user-workload,tgis-bam,10868623.0
2024-07-03 06:28:20.407000065,tgi_request_input_length_sum,http,10.128.3.52:3000,tgis-bam,fmaas-monitoring,llama3-mig3g,openshift-user-workload-monitoring/user-workload,tgis-bam,10868623.0
2024-07-03 06:28:25.407000065,tgi_request_input_length_sum,http,10.128.3.52:3000,tgis-bam,fmaas-monitoring,llama3-mig3g,openshift-user-workload-monitoring/user-workload,tgis-bam,10868623.0
2024-07-03 06:28:30.407000065,tgi_request_input_length_sum,http,10.128.3.52:3000,tgis-bam,fmaas-monitoring,llama3-mig3g,openshift-user-workload-monitoring/user-workload,tgis-bam,10868623.0
2024-07-03 06:28:35.407000065,tgi_request_input_length_sum,http,10.128.3.52:3000,tgis-bam,fmaas-monitoring,llama3-mig3g,openshift-user-workload-monitoring/user-workload,tgis-bam,10868623.0
2024-07-03 06:28:40.407000065,tgi_request_input_length_sum,http,10.128.3.52:3000,tgis-bam,fmaas-monitoring,llama3-mig3g,openshift-user-workload-monitoring/user-workload,tgis-bam,10868623.0
2024-07-03 06:28:45.407000065,tgi_request_input_length_sum,http,10.128.3.52:3000,tgis-bam,fmaas-monitoring,llama3-mig3g,openshift-user-workload-monitoring/user-workload,tgis-bam,10868623.0
2024-07-03 06:28:50.407000065,tgi_request_input_length_sum,http,10.128.3.52:3000,tgis-bam,fmaas-monitoring,llama3-mig3g,openshift-user-workload-monitoring/user-workload,tgis-bam,10868623.0
2024-07-03 06:28:55.407000065,tgi_request_input_length_sum,http,10.128.3.52:3000,tgis-bam,fmaas-monitoring,llama3-mig3g,openshift-user-workload-monitoring/user-workload,tgis-bam,10868623.0
2024-07-03 06:29:00.410000086,tgi_request_input_length_sum,http,10.128.3.52:3000,tgis-bam,fmaas-monitoring,llama3-mig3g,openshift-user-workload-monitoring/user-workload,tgis-bam,10868623.0
2024-07-03 06:29:05.407000065,tgi_request_input_length_sum,http,10.128.3.52:3000,tgis-bam,fmaas-monitoring,llama3-mig3g,openshift-user-workload-monitoring/user-workload,tgis-bam,10868623.0
2024-07-03 06:29:10.407000065,tgi_request_input_length_sum,http,10.128.3.52:3000,tgis-bam,fmaas-monitoring,llama3-mig3g,openshift-user-workload-monitoring/user-workload,tgis-bam,10868623.0
2024-07-03 06:29:15.407000065,tgi_request_input_length_sum,http,10.128.3.52:3000,tgis-bam,fmaas-monitoring,llama3-mig3g,openshift-user-workload-monitoring/user-workload,tgis-bam,10868623.0
2024-07-03 06:29:20.407000065,tgi_request_input_length_sum,http,10.128.3.52:3000,tgis-bam,fmaas-monitoring,llama3-mig3g,openshift-user-workload-monitoring/user-workload,tgis-bam,10868623.0
2024-07-03 06:29:25.407000065,tgi_request_input_length_sum,http,10.128.3.52:3000,tgis-bam,fmaas-monitoring,llama3-mig3g,openshift-user-workload-monitoring/user-workload,tgis-bam,10868623.0
2024-07-03 06:29:30.407000065,tgi_request_input_length_sum,http,10.128.3.52:3000,tgis-bam,fmaas-monitoring,llama3-mig3g,openshift-user-workload-monitoring/user-workload,tgis-bam,10868623.0
2024-07-03 06:29:35.407000065,tgi_request_input_length_sum,http,10.128.3.52:3000,tgis-bam,fmaas-monitoring,llama3-mig3g,openshift-user-workload-monitoring/user-workload,tgis-bam,10868623.0
2024-07-03 06:29:40.407000065,tgi_request_input_length_sum,http,10.128.3.52:3000,tgis-bam,fmaas-monitoring,llama3-mig3g,openshift-user-workload-monitoring/user-workload,tgis-bam,10868623.0
2024-07-03 06:29:45.407000065,tgi_request_input_length_sum,http,10.128.3.52:3000,tgis-bam,fmaas-monitoring,llama3-mig3g,openshift-user-workload-monitoring/user-workload,tgis-bam,10868623.0
2024-07-03 06:29:50.407000065,tgi_request_input_length_sum,http,10.128.3.52:3000,tgis-bam,fmaas-monitoring,llama3-mig3g,openshift-user-workload-monitoring/user-workload,tgis-bam,10868623.0
2024-07-03 06:29:55.407000065,tgi_request_input_length_sum,http,10.128.3.52:3000,tgis-bam,fmaas-monitoring,llama3-mig3g,openshift-user-workload-monitoring/user-workload,tgis-bam,10868623.0
2024-07-03 06:30:00.407000065,tgi_request_input_length_sum,http,10.128.3.52:3000,tgis-bam,fmaas-monitoring,llama3-mig3g,openshift-user-workload-monitoring/user-workload,tgis-bam,10868623.0
2024-07-03 06:30:05.407000065,tgi_request_input_length_sum,http,10.128.3.52:3000,tgis-bam,fmaas-monitoring,llama3-mig3g,openshift-user-workload-monitoring/user-workload,tgis-bam,10868623.0
2024-07-03 06:30:10.407000065,tgi_request_input_length_sum,http,10.128.3.52:3000,tgis-bam,fmaas-monitoring,llama3-mig3g,openshift-user-workload-monitoring/user-workload,tgis-bam,10868623.0
2024-07-03 06:30:15.407000065,tgi_request_input_length_sum,http,10.128.3.52:3000,tgis-bam,fmaas-monitoring,llama3-mig3g,openshift-user-workload-monitoring/user-workload,tgis-bam,10868623.0
2024-07-03 06:30:20.407000065,tgi_request_input_length_sum,http,10.128.3.52:3000,tgis-bam,fmaas-monitoring,llama3-mig3g,openshift-user-workload-monitoring/user-workload,tgis-bam,10868623.0
2024-07-03 06:30:25.407000065,tgi_request_input_length_sum,http,10.128.3.52:3000,tgis-bam,fmaas-monitoring,llama3-mig3g,openshift-user-workload-monitoring/user-workload,tgis-bam,10868623.0
2024-07-03 06:30:30.407000065,tgi_request_input_length_sum,http,10.128.3.52:3000,tgis-bam,fmaas-monitoring,llama3-mig3g,openshift-user-workload-monitoring/user-workload,tgis-bam,10868623.0
2024-07-03 06:30:35.407000065,tgi_request_input_length_sum,http,10.128.3.52:3000,tgis-bam,fmaas-monitoring,llama3-mig3g,openshift-user-workload-monitoring/user-workload,tgis-bam,10868623.0
2024-07-03 06:30:40.407000065,tgi_request_input_length_sum,http,10.128.3.52:3000,tgis-bam,fmaas-monitoring,llama3-mig3g,openshift-user-workload-monitoring/user-workload,tgis-bam,10868623.0
2024-07-03 06:30:45.407000065,tgi_request_input_length_sum,http,10.128.3.52:3000,tgis-bam,fmaas-monitoring,llama3-mig3g,openshift-user-workload-monitoring/user-workload,tgis-bam,10868623.0
2024-07-03 06:30:50.411999941,tgi_request_input_length_sum,http,10.128.3.52:3000,tgis-bam,fmaas-monitoring,llama3-mig3g,openshift-user-workload-monitoring/user-workload,tgis-bam,10868623.0
2024-07-03 06:30:55.407000065,tgi_request_input_length_sum,http,10.128.3.52:3000,tgis-bam,fmaas-monitoring,llama3-mig3g,openshift-user-workload-monitoring/user-workload,tgis-bam,10868623.0
2024-07-03 06:31:00.407000065,tgi_request_input_length_sum,http,10.128.3.52:3000,tgis-bam,fmaas-monitoring,llama3-mig3g,openshift-user-workload-monitoring/user-workload,tgis-bam,10868623.0
2024-07-03 06:31:05.407000065,tgi_request_input_length_sum,http,10.128.3.52:3000,tgis-bam,fmaas-monitoring,llama3-mig3g,openshift-user-workload-monitoring/user-workload,tgis-bam,11145460.0
2024-07-03 06:31:10.407000065,tgi_request_input_length_sum,http,10.128.3.52:3000,tgis-bam,fmaas-monitoring,llama3-mig3g,openshift-user-workload-monitoring/user-workload,tgis-bam,11145460.0
2024-07-03 06:31:15.407000065,tgi_request_input_length_sum,http,10.128.3.52:3000,tgis-bam,fmaas-monitoring,llama3-mig3g,openshift-user-workload-monitoring/user-workload,tgis-bam,11145460.0
2024-07-03 06:31:20.407000065,tgi_request_input_length_sum,http,10.128.3.52:3000,tgis-bam,fmaas-monitoring,llama3-mig3g,openshift-user-workload-monitoring/user-workload,tgis-bam,11145460.0
2024-07-03 06:31:25.407000065,tgi_request_input_length_sum,http,10.128.3.52:3000,tgis-bam,fmaas-monitoring,llama3-mig3g,openshift-user-workload-monitoring/user-workload,tgis-bam,11145460.0
2024-07-03 06:31:30.407000065,tgi_request_input_length_sum,http,10.128.3.52:3000,tgis-bam,fmaas-monitoring,llama3-mig3g,openshift-user-workload-monitoring/user-workload,tgis-bam,11145460.0
2024-07-03 06:31:35.407000065,tgi_request_input_length_sum,http,10.128.3.52:3000,tgis-bam,fmaas-monitoring,llama3-mig3g,openshift-user-workload-monitoring/user-workload,tgis-bam,11145460.0
2024-07-03 06:31:40.407000065,tgi_request_input_length_sum,http,10.128.3.52:3000,tgis-bam,fmaas-monitoring,llama3-mig3g,openshift-user-workload-monitoring/user-workload,tgis-bam,11145460.0
2024-07-03 06:31:45.407000065,tgi_request_input_length_sum,http,10.128.3.52:3000,tgis-bam,fmaas-monitoring,llama3-mig3g,openshift-user-workload-monitoring/user-workload,tgis-bam,11145460.0
2024-07-03 06:31:50.407000065,tgi_request_input_length_sum,http,10.128.3.52:3000,tgis-bam,fmaas-monitoring,llama3-mig3g,openshift-user-workload-monitoring/user-workload,tgis-bam,11145460.0
2024-07-03 06:31:55.407000065,tgi_request_input_length_sum,http,10.128.3.52:3000,tgis-bam,fmaas-monitoring,llama3-mig3g,openshift-user-workload-monitoring/user-workload,tgis-bam,11145460.0
2024-07-03 06:32:00.407000065,tgi_request_input_length_sum,http,10.128.3.52:3000,tgis-bam,fmaas-monitoring,llama3-mig3g,openshift-user-workload-monitoring/user-workload,tgis-bam,11145460.0
2024-07-03 06:32:05.407000065,tgi_request_input_length_sum,http,10.128.3.52:3000,tgis-bam,fmaas-monitoring,llama3-mig3g,openshift-user-workload-monitoring/user-workload,tgis-bam,11145460.0
2024-07-03 06:32:10.407000065,tgi_request_input_length_sum,http,10.128.3.52:3000,tgis-bam,fmaas-monitoring,llama3-mig3g,openshift-user-workload-monitoring/user-workload,tgis-bam,11145460.0
2024-07-03 06:32:15.407000065,tgi_request_input_length_sum,http,10.128.3.52:3000,tgis-bam,fmaas-monitoring,llama3-mig3g,openshift-user-workload-monitoring/user-workload,tgis-bam,11145460.0
2024-07-03 06:32:20.407000065,tgi_request_input_length_sum,http,10.128.3.52:3000,tgis-bam,fmaas-monitoring,llama3-mig3g,openshift-user-workload-monitoring/user-workload,tgis-bam,11145460.0
2024-07-03 06:32:25.407000065,tgi_request_input_length_sum,http,10.128.3.52:3000,tgis-bam,fmaas-monitoring,llama3-mig3g,openshift-user-workload-monitoring/user-workload,tgis-bam,11145460.0
2024-07-03 06:32:30.407000065,tgi_request_input_length_sum,http,10.128.3.52:3000,tgis-bam,fmaas-monitoring,llama3-mig3g,openshift-user-workload-monitoring/user-workload,tgis-bam,11145460.0
2024-07-03 06:32:35.407000065,tgi_request_input_length_sum,http,10.128.3.52:3000,tgis-bam,fmaas-monitoring,llama3-mig3g,openshift-user-workload-monitoring/user-workload,tgis-bam,11145460.0
2024-07-03 06:32:40.407000065,tgi_request_input_length_sum,http,10.128.3.52:3000,tgis-bam,fmaas-monitoring,llama3-mig3g,openshift-user-workload-monitoring/user-workload,tgis-bam,11145460.0
2024-07-03 06:32:45.407000065,tgi_request_input_length_sum,http,10.128.3.52:3000,tgis-bam,fmaas-monitoring,llama3-mig3g,openshift-user-workload-monitoring/user-workload,tgis-bam,11145460.0
2024-07-03 06:32:50.407000065,tgi_request_input_length_sum,http,10.128.3.52:3000,tgis-bam,fmaas-monitoring,llama3-mig3g,openshift-user-workload-monitoring/user-workload,tgis-bam,11145460.0
2024-07-03 06:32:55.407000065,tgi_request_input_length_sum,http,10.128.3.52:3000,tgis-bam,fmaas-monitoring,llama3-mig3g,openshift-user-workload-monitoring/user-workload,tgis-bam,11145460.0
2024-07-03 06:33:00.407000065,tgi_request_input_length_sum,http,10.128.3.52:3000,tgis-bam,fmaas-monitoring,llama3-mig3g,openshift-user-workload-monitoring/user-workload,tgis-bam,11145460.0
2024-07-03 06:33:05.407000065,tgi_request_input_length_sum,http,10.128.3.52:3000,tgis-bam,fmaas-monitoring,llama3-mig3g,openshift-user-workload-monitoring/user-workload,tgis-bam,11145460.0
2024-07-03 06:33:10.407000065,tgi_request_input_length_sum,http,10.128.3.52:3000,tgis-bam,fmaas-monitoring,llama3-mig3g,openshift-user-workload-monitoring/user-workload,tgis-bam,11145460.0
2024-07-03 06:33:15.407000065,tgi_request_input_length_sum,http,10.128.3.52:3000,tgis-bam,fmaas-monitoring,llama3-mig3g,openshift-user-workload-monitoring/user-workload,tgis-bam,11145460.0
2024-07-03 06:33:20.407000065,tgi_request_input_length_sum,http,10.128.3.52:3000,tgis-bam,fmaas-monitoring,llama3-mig3g,openshift-user-workload-monitoring/user-workload,tgis-bam,11145460.0
2024-07-03 06:33:25.407000065,tgi_request_input_length_sum,http,10.128.3.52:3000,tgis-bam,fmaas-monitoring,llama3-mig3g,openshift-user-workload-monitoring/user-workload,tgis-bam,11145460.0
2024-07-03 06:33:30.407000065,tgi_request_input_length_sum,http,10.128.3.52:3000,tgis-bam,fmaas-monitoring,llama3-mig3g,openshift-user-workload-monitoring/user-workload,tgis-bam,11145460.0
2024-07-03 06:33:35.407000065,tgi_request_input_length_sum,http,10.128.3.52:3000,tgis-bam,fmaas-monitoring,llama3-mig3g,openshift-user-workload-monitoring/user-workload,tgis-bam,11145460.0
2024-07-03 06:33:40.407000065,tgi_request_input_length_sum,http,10.128.3.52:3000,tgis-bam,fmaas-monitoring,llama3-mig3g,openshift-user-workload-monitoring/user-workload,tgis-bam,11145460.0
2024-07-03 06:33:45.407000065,tgi_request_input_length_sum,http,10.128.3.52:3000,tgis-bam,fmaas-monitoring,llama3-mig3g,openshift-user-workload-monitoring/user-workload,tgis-bam,11145460.0
2024-07-03 06:33:50.407000065,tgi_request_input_length_sum,http,10.128.3.52:3000,tgis-bam,fmaas-monitoring,llama3-mig3g,openshift-user-workload-monitoring/user-workload,tgis-bam,11145460.0
2024-07-03 06:33:55.407000065,tgi_request_input_length_sum,http,10.128.3.52:3000,tgis-bam,fmaas-monitoring,llama3-mig3g,openshift-user-workload-monitoring/user-workload,tgis-bam,11145460.0
2024-07-03 06:34:00.407000065,tgi_request_input_length_sum,http,10.128.3.52:3000,tgis-bam,fmaas-monitoring,llama3-mig3g,openshift-user-workload-monitoring/user-workload,tgis-bam,11145460.0
2024-07-03 06:34:05.407000065,tgi_request_input_length_sum,http,10.128.3.52:3000,tgis-bam,fmaas-monitoring,llama3-mig3g,openshift-user-workload-monitoring/user-workload,tgis-bam,11145460.0
2024-07-03 06:34:10.407000065,tgi_request_input_length_sum,http,10.128.3.52:3000,tgis-bam,fmaas-monitoring,llama3-mig3g,openshift-user-workload-monitoring/user-workload,tgis-bam,11145460.0
2024-07-03 06:34:15.407000065,tgi_request_input_length_sum,http,10.128.3.52:3000,tgis-bam,fmaas-monitoring,llama3-mig3g,openshift-user-workload-monitoring/user-workload,tgis-bam,11145460.0
2024-07-03 06:34:20.407000065,tgi_request_input_length_sum,http,10.128.3.52:3000,tgis-bam,fmaas-monitoring,llama3-mig3g,openshift-user-workload-monitoring/user-workload,tgis-bam,11145460.0
2024-07-03 06:34:25.407000065,tgi_request_input_length_sum,http,10.128.3.52:3000,tgis-bam,fmaas-monitoring,llama3-mig3g,openshift-user-workload-monitoring/user-workload,tgis-bam,11145460.0
2024-07-03 06:34:30.407000065,tgi_request_input_length_sum,http,10.128.3.52:3000,tgis-bam,fmaas-monitoring,llama3-mig3g,openshift-user-workload-monitoring/user-workload,tgis-bam,11145460.0
2024-07-03 06:34:35.407000065,tgi_request_input_length_sum,http,10.128.3.52:3000,tgis-bam,fmaas-monitoring,llama3-mig3g,openshift-user-workload-monitoring/user-workload,tgis-bam,11145460.0
2024-07-03 06:34:40.407000065,tgi_request_input_length_sum,http,10.128.3.52:3000,tgis-bam,fmaas-monitoring,llama3-mig3g,openshift-user-workload-monitoring/user-workload,tgis-bam,11145460.0
2024-07-03 06:34:45.417000055,tgi_request_input_length_sum,http,10.128.3.52:3000,tgis-bam,fmaas-monitoring,llama3-mig3g,openshift-user-workload-monitoring/user-workload,tgis-bam,11145460.0
2024-07-03 06:34:50.407000065,tgi_request_input_length_sum,http,10.128.3.52:3000,tgis-bam,fmaas-monitoring,llama3-mig3g,openshift-user-workload-monitoring/user-workload,tgis-bam,11145460.0
2024-07-03 06:34:55.407000065,tgi_request_input_length_sum,http,10.128.3.52:3000,tgis-bam,fmaas-monitoring,llama3-mig3g,openshift-user-workload-monitoring/user-workload,tgis-bam,11145460.0
2024-07-03 06:35:00.407000065,tgi_request_input_length_sum,http,10.128.3.52:3000,tgis-bam,fmaas-monitoring,llama3-mig3g,openshift-user-workload-monitoring/user-workload,tgis-bam,11145460.0
2024-07-03 06:35:05.407000065,tgi_request_input_length_sum,http,10.128.3.52:3000,tgis-bam,fmaas-monitoring,llama3-mig3g,openshift-user-workload-monitoring/user-workload,tgis-bam,11145460.0
2024-07-03 06:35:10.407000065,tgi_request_input_length_sum,http,10.128.3.52:3000,tgis-bam,fmaas-monitoring,llama3-mig3g,openshift-user-workload-monitoring/user-workload,tgis-bam,11145460.0
2024-07-03 06:35:15.483999968,tgi_request_input_length_sum,http,10.128.3.52:3000,tgis-bam,fmaas-monitoring,llama3-mig3g,openshift-user-workload-monitoring/user-workload,tgis-bam,11145460.0
2024-07-03 06:35:20.407000065,tgi_request_input_length_sum,http,10.128.3.52:3000,tgis-bam,fmaas-monitoring,llama3-mig3g,openshift-user-workload-monitoring/user-workload,tgis-bam,11145460.0
2024-07-03 06:35:25.407000065,tgi_request_input_length_sum,http,10.128.3.52:3000,tgis-bam,fmaas-monitoring,llama3-mig3g,openshift-user-workload-monitoring/user-workload,tgis-bam,11145460.0
2024-07-03 06:35:30.407000065,tgi_request_input_length_sum,http,10.128.3.52:3000,tgis-bam,fmaas-monitoring,llama3-mig3g,openshift-user-workload-monitoring/user-workload,tgis-bam,11145460.0
2024-07-03 06:35:35.407000065,tgi_request_input_length_sum,http,10.128.3.52:3000,tgis-bam,fmaas-monitoring,llama3-mig3g,openshift-user-workload-monitoring/user-workload,tgis-bam,11145460.0
2024-07-03 06:35:40.430999994,tgi_request_input_length_sum,http,10.128.3.52:3000,tgis-bam,fmaas-monitoring,llama3-mig3g,openshift-user-workload-monitoring/user-workload,tgis-bam,11145460.0
2024-07-03 06:35:45.407000065,tgi_request_input_length_sum,http,10.128.3.52:3000,tgis-bam,fmaas-monitoring,llama3-mig3g,openshift-user-workload-monitoring/user-workload,tgis-bam,11145460.0
2024-07-03 06:35:50.407000065,tgi_request_input_length_sum,http,10.128.3.52:3000,tgis-bam,fmaas-monitoring,llama3-mig3g,openshift-user-workload-monitoring/user-workload,tgis-bam,11145460.0
2024-07-03 06:35:55.407000065,tgi_request_input_length_sum,http,10.128.3.52:3000,tgis-bam,fmaas-monitoring,llama3-mig3g,openshift-user-workload-monitoring/user-workload,tgis-bam,11145460.0
2024-07-03 06:36:00.407000065,tgi_request_input_length_sum,http,10.128.3.52:3000,tgis-bam,fmaas-monitoring,llama3-mig3g,openshift-user-workload-monitoring/user-workload,tgis-bam,11145460.0
2024-07-03 06:36:05.407000065,tgi_request_input_length_sum,http,10.128.3.52:3000,tgis-bam,fmaas-monitoring,llama3-mig3g,openshift-user-workload-monitoring/user-workload,tgis-bam,11145460.0
2024-07-03 06:36:10.407000065,tgi_request_input_length_sum,http,10.128.3.52:3000,tgis-bam,fmaas-monitoring,llama3-mig3g,openshift-user-workload-monitoring/user-workload,tgis-bam,11145460.0
2024-07-03 06:36:15.407000065,tgi_request_input_length_sum,http,10.128.3.52:3000,tgis-bam,fmaas-monitoring,llama3-mig3g,openshift-user-workload-monitoring/user-workload,tgis-bam,11145460.0
2024-07-03 06:36:20.407000065,tgi_request_input_length_sum,http,10.128.3.52:3000,tgis-bam,fmaas-monitoring,llama3-mig3g,openshift-user-workload-monitoring/user-workload,tgis-bam,11145460.0
2024-07-03 06:36:25.407000065,tgi_request_input_length_sum,http,10.128.3.52:3000,tgis-bam,fmaas-monitoring,llama3-mig3g,openshift-user-workload-monitoring/user-workload,tgis-bam,11145460.0
2024-07-03 06:36:30.407000065,tgi_request_input_length_sum,http,10.128.3.52:3000,tgis-bam,fmaas-monitoring,llama3-mig3g,openshift-user-workload-monitoring/user-workload,tgis-bam,11145460.0
2024-07-03 06:36:35.407000065,tgi_request_input_length_sum,http,10.128.3.52:3000,tgis-bam,fmaas-monitoring,llama3-mig3g,openshift-user-workload-monitoring/user-workload,tgis-bam,11145460.0
2024-07-03 06:36:40.407000065,tgi_request_input_length_sum,http,10.128.3.52:3000,tgis-bam,fmaas-monitoring,llama3-mig3g,openshift-user-workload-monitoring/user-workload,tgis-bam,11145460.0
2024-07-03 06:36:45.407000065,tgi_request_input_length_sum,http,10.128.3.52:3000,tgis-bam,fmaas-monitoring,llama3-mig3g,openshift-user-workload-monitoring/user-workload,tgis-bam,11145460.0
2024-07-03 06:36:50.407000065,tgi_request_input_length_sum,http,10.128.3.52:3000,tgis-bam,fmaas-monitoring,llama3-mig3g,openshift-user-workload-monitoring/user-workload,tgis-bam,11145460.0
2024-07-03 06:36:55.407000065,tgi_request_input_length_sum,http,10.128.3.52:3000,tgis-bam,fmaas-monitoring,llama3-mig3g,openshift-user-workload-monitoring/user-workload,tgis-bam,11145460.0
2024-07-03 06:37:00.407000065,tgi_request_input_length_sum,http,10.128.3.52:3000,tgis-bam,fmaas-monitoring,llama3-mig3g,openshift-user-workload-monitoring/user-workload,tgis-bam,11145460.0
2024-07-03 06:37:05.407000065,tgi_request_input_length_sum,http,10.128.3.52:3000,tgis-bam,fmaas-monitoring,llama3-mig3g,openshift-user-workload-monitoring/user-workload,tgis-bam,11145460.0
2024-07-03 06:37:10.407000065,tgi_request_input_length_sum,http,10.128.3.52:3000,tgis-bam,fmaas-monitoring,llama3-mig3g,openshift-user-workload-monitoring/user-workload,tgis-bam,11145460.0
2024-07-03 06:37:15.407000065,tgi_request_input_length_sum,http,10.128.3.52:3000,tgis-bam,fmaas-monitoring,llama3-mig3g,openshift-user-workload-monitoring/user-workload,tgis-bam,11145460.0
2024-07-03 06:37:20.407000065,tgi_request_input_length_sum,http,10.128.3.52:3000,tgis-bam,fmaas-monitoring,llama3-mig3g,openshift-user-workload-monitoring/user-workload,tgis-bam,11145460.0
2024-07-03 06:37:25.407000065,tgi_request_input_length_sum,http,10.128.3.52:3000,tgis-bam,fmaas-monitoring,llama3-mig3g,openshift-user-workload-monitoring/user-workload,tgis-bam,11145460.0
2024-07-03 06:37:30.407000065,tgi_request_input_length_sum,http,10.128.3.52:3000,tgis-bam,fmaas-monitoring,llama3-mig3g,openshift-user-workload-monitoring/user-workload,tgis-bam,11145460.0
2024-07-03 06:37:35.407000065,tgi_request_input_length_sum,http,10.128.3.52:3000,tgis-bam,fmaas-monitoring,llama3-mig3g,openshift-user-workload-monitoring/user-workload,tgis-bam,11145460.0
2024-07-03 06:37:40.407000065,tgi_request_input_length_sum,http,10.128.3.52:3000,tgis-bam,fmaas-monitoring,llama3-mig3g,openshift-user-workload-monitoring/user-workload,tgis-bam,11145460.0
2024-07-03 06:37:45.407000065,tgi_request_input_length_sum,http,10.128.3.52:3000,tgis-bam,fmaas-monitoring,llama3-mig3g,openshift-user-workload-monitoring/user-workload,tgis-bam,11145460.0
2024-07-03 06:37:50.407000065,tgi_request_input_length_sum,http,10.128.3.52:3000,tgis-bam,fmaas-monitoring,llama3-mig3g,openshift-user-workload-monitoring/user-workload,tgis-bam,11145460.0
2024-07-03 06:37:55.407000065,tgi_request_input_length_sum,http,10.128.3.52:3000,tgis-bam,fmaas-monitoring,llama3-mig3g,openshift-user-workload-monitoring/user-workload,tgis-bam,11145460.0
2024-07-03 06:38:00.407000065,tgi_request_input_length_sum,http,10.128.3.52:3000,tgis-bam,fmaas-monitoring,llama3-mig3g,openshift-user-workload-monitoring/user-workload,tgis-bam,11145460.0
2024-07-03 06:38:05.407000065,tgi_request_input_length_sum,http,10.128.3.52:3000,tgis-bam,fmaas-monitoring,llama3-mig3g,openshift-user-workload-monitoring/user-workload,tgis-bam,11145460.0
2024-07-03 06:38:10.407000065,tgi_request_input_length_sum,http,10.128.3.52:3000,tgis-bam,fmaas-monitoring,llama3-mig3g,openshift-user-workload-monitoring/user-workload,tgis-bam,11145460.0
2024-07-03 06:38:15.407000065,tgi_request_input_length_sum,http,10.128.3.52:3000,tgis-bam,fmaas-monitoring,llama3-mig3g,openshift-user-workload-monitoring/user-workload,tgis-bam,11145460.0
2024-07-03 06:38:20.407000065,tgi_request_input_length_sum,http,10.128.3.52:3000,tgis-bam,fmaas-monitoring,llama3-mig3g,openshift-user-workload-monitoring/user-workload,tgis-bam,11145460.0
2024-07-03 06:38:25.407000065,tgi_request_input_length_sum,http,10.128.3.52:3000,tgis-bam,fmaas-monitoring,llama3-mig3g,openshift-user-workload-monitoring/user-workload,tgis-bam,11145460.0
2024-07-03 06:38:30.407000065,tgi_request_input_length_sum,http,10.128.3.52:3000,tgis-bam,fmaas-monitoring,llama3-mig3g,openshift-user-workload-monitoring/user-workload,tgis-bam,11145460.0
2024-07-03 06:38:35.407000065,tgi_request_input_length_sum,http,10.128.3.52:3000,tgis-bam,fmaas-monitoring,llama3-mig3g,openshift-user-workload-monitoring/user-workload,tgis-bam,11145460.0
2024-07-03 06:38:40.407000065,tgi_request_input_length_sum,http,10.128.3.52:3000,tgis-bam,fmaas-monitoring,llama3-mig3g,openshift-user-workload-monitoring/user-workload,tgis-bam,11145460.0
2024-07-03 06:38:45.410000086,tgi_request_input_length_sum,http,10.128.3.52:3000,tgis-bam,fmaas-monitoring,llama3-mig3g,openshift-user-workload-monitoring/user-workload,tgis-bam,11145460.0
2024-07-03 06:38:50.407000065,tgi_request_input_length_sum,http,10.128.3.52:3000,tgis-bam,fmaas-monitoring,llama3-mig3g,openshift-user-workload-monitoring/user-workload,tgis-bam,11145460.0
2024-07-03 06:38:55.407000065,tgi_request_input_length_sum,http,10.128.3.52:3000,tgis-bam,fmaas-monitoring,llama3-mig3g,openshift-user-workload-monitoring/user-workload,tgis-bam,11145460.0
2024-07-03 06:39:00.407000065,tgi_request_input_length_sum,http,10.128.3.52:3000,tgis-bam,fmaas-monitoring,llama3-mig3g,openshift-user-workload-monitoring/user-workload,tgis-bam,11145460.0
2024-07-03 06:39:05.407000065,tgi_request_input_length_sum,http,10.128.3.52:3000,tgis-bam,fmaas-monitoring,llama3-mig3g,openshift-user-workload-monitoring/user-workload,tgis-bam,11145460.0
2024-07-03 06:39:10.407000065,tgi_request_input_length_sum,http,10.128.3.52:3000,tgis-bam,fmaas-monitoring,llama3-mig3g,openshift-user-workload-monitoring/user-workload,tgis-bam,11145460.0
2024-07-03 06:39:15.407000065,tgi_request_input_length_sum,http,10.128.3.52:3000,tgis-bam,fmaas-monitoring,llama3-mig3g,openshift-user-workload-monitoring/user-workload,tgis-bam,11145460.0
2024-07-03 06:39:20.407000065,tgi_request_input_length_sum,http,10.128.3.52:3000,tgis-bam,fmaas-monitoring,llama3-mig3g,openshift-user-workload-monitoring/user-workload,tgis-bam,11145460.0
2024-07-03 06:39:25.407000065,tgi_request_input_length_sum,http,10.128.3.52:3000,tgis-bam,fmaas-monitoring,llama3-mig3g,openshift-user-workload-monitoring/user-workload,tgis-bam,11145460.0
2024-07-03 06:39:30.407000065,tgi_request_input_length_sum,http,10.128.3.52:3000,tgis-bam,fmaas-monitoring,llama3-mig3g,openshift-user-workload-monitoring/user-workload,tgis-bam,11145460.0
2024-07-03 06:39:35.407000065,tgi_request_input_length_sum,http,10.128.3.52:3000,tgis-bam,fmaas-monitoring,llama3-mig3g,openshift-user-workload-monitoring/user-workload,tgis-bam,11145460.0
2024-07-03 06:39:40.407000065,tgi_request_input_length_sum,http,10.128.3.52:3000,tgis-bam,fmaas-monitoring,llama3-mig3g,openshift-user-workload-monitoring/user-workload,tgis-bam,11145460.0
2024-07-03 06:39:45.407000065,tgi_request_input_length_sum,http,10.128.3.52:3000,tgis-bam,fmaas-monitoring,llama3-mig3g,openshift-user-workload-monitoring/user-workload,tgis-bam,11145460.0
2024-07-03 06:39:50.407000065,tgi_request_input_length_sum,http,10.128.3.52:3000,tgis-bam,fmaas-monitoring,llama3-mig3g,openshift-user-workload-monitoring/user-workload,tgis-bam,11145460.0
2024-07-03 06:39:55.407000065,tgi_request_input_length_sum,http,10.128.3.52:3000,tgis-bam,fmaas-monitoring,llama3-mig3g,openshift-user-workload-monitoring/user-workload,tgis-bam,11145460.0
